4.008644
4.018529
3.707568
3.536264
4.003419
4.381398
2.450261
3.595226
3.850320
3.445582
3.524578
3.751999
3.663538
4.883598
3.210917
2.728695
2.665221
3.031357
3.677978
3.642042
4.298836
3.362311
2.860142
2.689316
2.543843
4.056166
3.964389
2.864228
3.372262
3.908267
4.206989
4.473364
3.666141
3.481195
3.095118
4.109251
3.647752
2.604308
3.273870
3.578264
3.494620
2.914657
3.213636
3.973399
4.074933
3.190029
4.059377
3.945999
4.295611
3.605607
3.677328
4.445527
3.738011
4.206305
3.957386
4.080406
3.882926
4.018566
3.980315
3.463492
4.016920
3.892330
3.961778
3.442754
3.789912
3.202334
3.270541
3.814680
3.250145
3.751949
2.737233
4.255962
3.676373
3.284863
3.187772
2.633920
3.395864
3.773647
4.118528
3.596484
3.177905
4.280381
4.400708
4.098376
4.772538
3.178484
2.759665
3.194673
2.214470
4.390343
2.998232
4.607617
4.367630
4.228870
4.258070
4.091150
3.404527
4.102008
3.316062
3.661524
3.967719
3.771949
3.777351
3.116911
2.769399
3.083226
3.223211
4.564202
3.980623
3.341570
4.197281
3.855761
3.173757
4.113492
3.525408
2.901928
4.261464
4.463162
2.027764
4.083646
4.118671
3.805306
2.807210
3.964522
2.938725
3.937250
2.808970
3.294230
4.228272
2.972600
3.470531
3.696590
2.774315
3.656090
4.415909
3.312903
3.580092
3.927026
3.898636
3.051518
4.182830
3.451999
3.737149
4.751124
3.890390
3.858120
3.975504
2.673206
2.904378
3.127989
3.828288
3.214697
2.635453
3.875274
4.460099
2.145736
4.130231
4.158842
1.623949
3.436593
3.173215
3.865019
3.619246
2.500083
3.344318
3.565906
3.478037
3.418397
2.245133
4.205059
3.724959
4.173849
3.697250
4.242256
2.465287
3.192797
2.812005
3.139178
3.953796
2.546004
3.301555
3.023996
3.333203
3.777164
4.243947
3.132091
2.561726
3.134407
3.925242
3.060952
4.275289
2.708491
4.231244
4.355207
4.466114
4.217629
3.266154
4.110121
2.765733
3.959352
4.232164
4.181011
4.549001
3.284848
4.100936
3.148938
3.288830
4.752570
3.631186
3.712855
3.458419
3.957000
2.209259
3.438474
3.856719
3.917658
3.486607
3.814971
3.803161
3.823366
3.883298
3.799294
3.989399
4.236690
2.939149
4.083574
3.115525
3.156314
4.192583
3.394931
3.923029
4.325241
4.336001
3.348680
3.329694
3.997414
3.968220
3.264822
4.131264
3.060047
2.993391
3.639317
3.660235
2.416199
4.138175
3.810916
2.785772
3.921232
3.713757
1.956652
4.152121
3.870162
4.326867
3.539786
4.152487
3.610100
2.310111
3.113420
2.202482
3.542674
3.928022
4.966938
3.741922
4.560549
3.399046
4.191284
3.679658
3.448436
3.472055
1.980060
3.503976
3.729835
3.819199
2.527468
4.057560
3.277041
4.475447
4.118102
3.188865
2.951167
3.752607
4.158071
4.231740
4.326655
2.131544
3.717187
3.452651
4.048791
3.945540
3.254886
3.279726
2.782824
3.336957
3.958668
3.356098
4.099666
4.098528
3.678213
4.583140
4.122984
2.528313
3.702287
3.398398
3.511576
3.092130
3.151395
4.075743
3.638943
3.054607
2.874580
2.784346
3.691712
2.685102
3.393384
3.880120
3.085714
3.531637
3.633293
4.478306
4.062592
4.052486
3.541809
4.315598
4.137814
3.585193
4.600353
2.496194
4.554085
2.785041
3.577392
3.569557
4.079650
3.647237
3.715669
2.035691
4.116877
4.367000
3.992881
2.611377
3.821418
3.355854
3.054918
3.440372
3.461065
3.001648
2.373226
2.975539
3.446782
2.746168
3.155000
3.370309
3.612089
3.269903
4.283631
2.772674
3.564246
2.237190
3.653208
3.425025
4.542530
2.973122
3.681601
3.394798
4.032277
3.581491
4.590652
3.134230
4.572972
3.422839
3.590019
2.967878
3.276434
4.445449
3.360160
3.050250
4.411414
3.782782
3.352870
3.321960
2.591805
4.131549
3.506402
3.567625
3.838155
3.760467
4.239758
4.222403
3.380832
2.689502
2.800759
2.701051
3.323483
3.973541
3.569842
3.334186
3.695984
3.476761
3.627863
2.383140
4.198924
2.789424
3.616862
3.581105
3.534714
4.494176
4.513543
4.007512
2.573441
3.690775
3.076600
3.321668
4.084102
3.594494
3.483435
3.483103
4.182340
4.494920
4.463580
3.636008
3.956586
3.867684
3.704758
2.941547
3.768682
2.916970
3.135011
3.986844
3.407134
3.303508
4.194234
3.490584
2.787987
3.496589
3.239685
3.664320
4.757755
3.871936
3.483860
3.031973
3.884394
2.850689
3.845150
3.726868
3.085920
3.267675
4.364816
2.836392
4.088572
2.955105
3.596325
3.790008
4.845301
3.810567
3.434812
2.621597
3.629583
4.201009
3.026136
2.943484
3.371340
3.611943
2.730364
2.977762
3.783910
4.238150
4.041808
2.284741
3.513509
4.106863
2.878269
3.155374
3.874815
2.806938
3.786766
3.919724
3.704560
3.772671
3.907012
3.260514
2.163577
3.702321
2.791469
3.637526
3.089422
3.681359
3.975094
3.853321
3.330968
4.183857
4.051257
3.635883
2.967419
3.712391
4.310794
3.952614
4.305796
3.581985
3.543277
4.184492
3.324383
3.769952
3.229147
4.823407
3.874145
3.041943
3.194551
3.998598
3.690980
4.619399
2.904227
3.580994
3.155498
1.891316
3.868166
2.648950
3.999195
3.682410
3.573935
4.526972
3.087922
4.185389
3.387989
3.800886
3.024667
3.571345
3.235426
4.098506
3.572761
3.348181
3.575889
3.067693
4.081583
3.349547
4.549440
4.352770
4.135704
4.205044
3.982714
3.675634
3.092945
3.851245
3.559507
4.162444
2.877510
2.844443
3.457799
3.664908
3.533581
3.978141
2.715809
3.197226
2.812388
4.053206
2.988823
2.711383
3.967994
4.178122
3.593520
3.873253
3.287152
3.941584
4.124268
4.079620
3.896600
3.776271
3.479632
4.321366
3.616636
4.373276
3.614840
3.661670
4.044057
4.326258
3.079786
4.338724
4.497377
3.716682
3.571226
3.812018
4.465587
3.479938
3.058783
3.869762
3.699490
1.986854
3.878985
2.330918
4.285745
4.230848
4.044157
3.686470
3.706309
3.981591
3.408694
3.956643
3.675669
3.669304
3.660614
3.576226
2.744521
2.544043
4.383310
2.705295
4.188384
3.066343
3.927851
4.400427
2.791199
4.431823
3.651352
4.120881
3.936907
3.799094
3.333903
3.739210
3.237108
3.726343
3.188646
3.427927
4.806878
3.214599
3.348512
2.288683
4.660216
3.698454
2.406605
3.486297
3.488480
3.248263
4.263443
4.034565
3.961064
4.035020
2.192541
3.831921
2.709233
3.645430
3.505757
4.550190
3.675470
2.580489
3.407482
2.828304
1.998123
3.637403
3.243299
3.371727
3.509089
4.082892
4.280845
2.280714
3.248597
3.895574
3.444554
3.452934
3.794723
3.744533
2.418383
3.568079
2.938683
4.085988
3.942385
2.983779
3.288975
4.172448
4.528554
3.894628
4.082943
2.894472
3.762636
4.367963
4.445895
2.823482
3.474430
3.140277
2.661552
4.424870
3.379001
2.449270
3.114022
3.155108
3.767650
3.478048
3.594353
3.379583
2.924089
3.335745
3.996568
3.840046
3.097820
3.373304
4.020173
3.948844
3.846414
3.608349
4.299659
3.882578
4.240678
3.114788
3.508045
3.141281
4.169882
4.422524
3.233770
3.715424
4.194735
3.320563
1.922308
4.074063
2.735213
3.266504
3.854300
4.149772
3.839543
4.251732
4.194763
3.959332
4.136360
4.008361
2.494018
4.101729
3.247199
4.023788
3.688367
3.570595
2.849288
3.620823
3.005264
3.648185
2.761093
3.165406
3.755551
2.716788
3.474866
3.762884
3.340104
3.227561
3.361067
4.187657
3.105429
4.836376
3.598077
3.347500
2.696154
3.689055
3.874676
3.040253
3.875801
3.588744
3.270286
4.124145
3.145504
3.954595
3.193384
2.709731
3.451399
2.306635
3.130782
4.029545
3.805963
3.575446
3.224918
3.641549
3.854442
3.560571
3.342764
4.350803
3.719140
3.884751
3.900328
3.777589
1.444066
3.880407
4.328950
4.165470
3.369868
3.362638
2.602843
3.465342
4.132803
3.543878
4.315367
3.167774
3.061064
1.186070
2.800194
3.103774
3.942234
3.264494
3.494415
2.137989
3.591895
4.037862
3.099640
2.585194
3.688600
3.932598
2.864666
3.593893
4.060266
3.666007
3.856240
2.303496
3.629892
3.406683
4.018219
3.740504
4.209229
3.452801
3.929952
2.893031
3.314530
4.181167
4.386385
2.481762
3.516926
4.673019
3.650313
4.087212
3.731325
3.621492
3.478053
3.977571
3.939623
2.721655
2.333420
3.626956
3.531028
3.376553
3.842576
3.995622
3.666091
3.173711
3.305985
3.645559
4.646766
3.389652
3.411572
3.322969
3.681422
3.528926
3.090774
3.956251
3.202322
3.521263
3.399468
3.871246
3.641620
4.182903
3.440195
3.781835
4.410214
3.082737
4.069093
4.801266
2.220082
3.699174
2.427221
2.433793
3.421132
2.924823
4.127633
3.980743
3.376967
3.824727
3.837116
3.752028
3.985079
3.568823
3.420861
3.639286
4.209270
3.147323
3.320733
3.153029
3.237439
4.197066
3.781141
3.583223
3.611982
3.607394
4.258582
2.367795
3.713803
4.504452
3.585213
2.847421
3.327634
4.119766
2.982531
3.831401
2.752719
3.380040
3.542992
2.717757
4.026261
2.681950
3.363387
3.726521
3.681788
3.898161
3.413813
3.036383
4.340690
3.682620
2.799098
4.025935
4.147067
3.019196
3.439659
3.506083
3.311367
3.471494
3.644411
3.432993
3.877957
3.296703
2.491899
2.222537
2.914488
3.927971
3.029592
3.235771
3.413303
3.012584
2.603225
3.663543
4.008867
4.021190
2.731653
2.619305
3.969276
3.184347
2.559653
4.261109
3.454366
3.945425
3.683070
1.787559
3.161359
3.505524
4.175870
3.320926
3.361051
2.311304
1.841114
3.693579
3.391416
4.276062
2.975114
4.664287
3.956348
3.929837
2.464553
4.397855
4.178151
4.160325
3.124401
4.019140
4.504647
2.647997
4.098359
4.284478
3.585505
4.058603
3.655567
3.112937
3.061571
3.548318
4.177383
4.011031
4.148177
4.236585
3.835926
2.576658
3.986783
4.013831
2.955260
3.850617
2.649965
2.702669
3.770198
4.214109
4.246740
3.193916
2.945500
3.150893
3.398877
2.642227
4.215283
3.212494
4.791406
4.304122
4.465014
3.545689
3.257505
3.680749
3.545591
3.696874
3.086819
2.336276
3.634209
3.694144
3.645105
4.062546
4.297200
3.615604
3.943924
2.820479
4.303881
2.578784
3.338251
3.260799
3.227546
3.472165
3.482177
2.615338
3.562071
4.350064
3.120508
3.681262
3.455601
4.661095
4.148667
3.821344
2.213252
3.468329
3.408138
2.772534
4.119007
2.976880
3.547769
2.910512
2.911228
3.934271
3.523355
3.969783
3.674240
2.169360
2.641192
3.647206
2.886767
3.674117
3.438501
2.975884
3.494388
4.652739
2.932958
3.092228
3.835073
3.210157
3.417966
3.498741
4.105613
2.596033
3.941437
4.002992
4.024206
1.944067
4.652330
3.627624
3.491556
3.483284
4.072235
4.164142
3.197686
3.872268
2.509137
4.116502
4.298586
2.504934
2.027655
3.143547
3.141188
3.646122
3.549082
4.139491
3.886502
3.528677
3.404700
4.103979
4.496050
3.236388
1.873609
3.095179
3.605871
3.135636
1.242395
2.960213
3.540221
3.815152
3.853291
4.846076
3.942190
4.712560
3.411184
4.253965
3.183454
2.821816
2.694895
3.754056
3.452608
3.743718
3.600641
3.565027
2.748076
2.707036
3.094401
3.474803
3.992564
3.790472
3.395722
3.741014
2.876942
3.651348
3.461245
3.615541
3.912052
1.581380
4.084423
3.550851
3.052896
3.144163
3.860195
3.443091
3.689794
3.722434
2.426780
4.303977
3.916311
4.161928
3.786600
4.044678
2.895921
3.476205
3.492400
3.794369
2.961251
4.053156
4.163816
3.741013
3.377657
4.056302
3.924914
2.567110
3.526184
3.446021
3.334390
3.442131
4.400284
3.257248
4.038910
3.112787
3.870453
3.939376
3.503659
3.439959
3.217144
3.161866
4.267529
3.341603
2.461489
2.718379
2.752396
2.931642
2.119733
3.768045
3.770705
3.104999
4.747843
2.647377
3.696511
2.907207
3.937481
3.971111
4.103615
4.324049
3.082990
3.615761
4.302267
4.122749
3.588385
3.152203
4.162584
3.290768
4.307126
3.045964
3.740874
3.314701
2.664696
3.153544
3.641432
2.705948
3.813609
2.940253
2.638479
3.517804
4.021492
4.473213
3.030991
2.752657
3.441175
3.747118
2.498410
4.374316
3.991009
3.881837
3.622223
2.604292
3.038004
3.899889
2.388108
3.845589
2.595201
3.397379
3.557439
4.213956
3.509263
3.620507
4.677578
3.410982
2.805903
4.215580
3.876579
3.769214
3.545779
3.378084
3.687266
3.813721
3.988513
4.278473
2.653987
3.958444
2.757731
2.696160
3.709643
3.445504
3.355394
4.778367
4.575094
3.062300
2.747843
4.725145
2.506196
2.352633
3.394854
4.261577
3.836678
4.154277
3.793046
4.105237
4.262551
4.135965
3.208973
4.129655
3.216701
3.355738
2.825712
3.260963
3.253473
3.486717
4.079289
3.627147
3.045966
3.606782
2.822490
3.059464
3.851171
3.956679
4.173460
3.361562
3.799171
2.864038
2.509161
3.468303
4.030754
4.787882
4.184100
4.290109
2.918966
3.689581
2.350347
4.064256
2.832977
4.134120
3.830821
3.447768
3.674693
3.588426
2.775008
3.518943
3.619797
3.953122
2.304169
4.156709
4.274379
3.586644
3.692754
4.024958
3.730440
4.246766
3.998771
3.578819
3.507833
2.526485
4.105914
3.959016
3.480302
3.383064
3.819015
2.255350
2.747535
2.527547
3.761976
2.997165
2.878526
4.278833
3.586460
4.634129
4.156600
4.084690
2.969612
3.935168
3.110429
3.909845
4.206629
3.562814
2.479139
4.285093
3.549199
3.273861
3.749993
3.401053
2.907852
4.101491
2.999618
4.589669
3.584800
3.012935
3.803293
2.891280
3.673290
2.853011
3.714330
3.297938
3.796805
3.474783
3.234063
3.579213
3.944338
3.659274
3.694878
3.905019
3.839641
2.969028
3.953353
2.498295
3.967554
3.974946
3.663004
2.910444
3.877470
2.820630
3.327600
3.167028
4.323013
4.002433
3.435314
3.214679
3.439178
4.359630
3.519487
2.460374
3.367825
3.170206
4.054690
3.561653
2.280746
4.300839
3.635645
4.022733
3.096308
4.086711
3.602270
4.351383
3.793271
2.905647
3.490223
3.835379
2.041761
3.472192
2.992025
3.387750
3.767636
4.119221
3.068067
3.095539
3.347721
2.796655
3.071425
4.059394
3.156153
3.675657
3.052544
2.402144
3.105464
3.522481
3.405961
3.245039
3.699778
4.275290
2.021629
4.089966
3.422074
3.917424
2.711415
3.482047
3.129502
4.111251
3.961601
3.303383
3.947922
4.125900
4.297900
3.410111
3.963595
2.436895
3.474998
1.883399
3.730748
3.735274
3.920419
3.549088
2.841203
4.424188
3.868772
3.720521
3.890703
4.226274
3.126328
1.864607
4.708642
2.066703
3.771144
3.822330
3.152390
3.734281
3.941825
4.341751
3.105566
3.214819
4.539159
4.232611
3.339404
3.044231
3.351302
3.463496
3.048419
4.352983
3.778408
3.638313
2.861339
3.975201
2.969299
4.482484
3.986174
3.783137
1.747535
2.328000
3.584458
3.066647
4.061589
3.970424
2.853070
4.434679
2.576069
3.939589
2.549706
3.744633
3.908298
2.894652
4.625142
3.760782
3.726386
4.073414
3.946022
3.339539
3.771657
2.229498
3.598609
3.872062
4.247023
4.246018
3.442984
3.855883
3.224525
3.791915
3.351552
2.776787
3.434668
3.317964
3.483241
3.646604
3.121269
3.801582
3.075382
3.648312
3.188843
3.516747
4.633473
3.334273
3.143860
3.297250
4.242911
4.085565
3.782317
3.725460
3.667077
3.335678
3.111160
3.047001
2.251854
3.366084
4.015181
4.534884
3.832017
4.265694
3.368819
2.323440
4.277418
3.962249
3.504713
3.848515
4.301349
4.017000
3.807397
4.032586
3.788387
2.571370
4.289351
3.741212
3.923613
2.993930
4.155660
3.710441
2.260381
4.226865
3.463712
3.057498
3.017791
4.528433
4.152247
4.290126
4.091450
3.472782
3.799276
3.814181
3.331801
3.721279
3.370883
3.577860
3.352325
2.964143
4.001033
4.061174
4.093436
3.114333
3.752937
3.726386
3.379041
3.991222
2.557532
3.938247
3.759092
3.982504
3.312488
4.697155
3.601428
3.400615
3.202051
4.580513
3.774485
3.907790
3.894843
3.680553
3.135473
3.859419
4.676195
2.844976
2.214761
3.662179
3.651865
4.029556
3.793676
3.920389
3.117395
3.892769
1.299300
3.914967
3.535551
3.323221
3.852982
2.974274
2.643293
2.650649
4.163275
2.924066
3.093788
4.364687
4.355440
4.272303
3.655527
3.755906
2.926777
4.007245
3.346291
3.563195
4.459521
4.240809
4.217872
3.441913
3.028769
4.093969
4.227538
3.572509
3.004217
2.780471
4.019504
3.061735
4.228175
3.312518
2.260299
3.461232
2.708946
3.509206
3.325245
3.079784
4.100679
3.700215
3.872722
4.163018
3.126146
3.793660
3.422867
2.923601
3.799988
3.166462
4.266897
3.853055
2.495378
4.210382
3.613186
3.747663
4.053036
4.230370
1.947008
1.856598
2.987611
3.251807
3.003886
3.668338
4.037799
2.361492
2.879479
3.959049
2.421545
4.142203
2.772519
4.362479
3.291524
3.558103
3.748010
4.035696
3.379649
2.975926
2.901344
4.343680
3.473199
3.200619
3.236419
3.518971
2.499103
4.302163
3.968402
3.029475
4.522178
4.180089
3.255532
4.060632
4.076534
3.143991
3.389610
2.651005
3.398469
3.701325
3.898487
2.207289
3.600997
3.646276
3.879199
2.947344
3.577855
4.181546
4.482044
3.659977
4.712575
3.276463
2.375627
3.474842
3.773257
3.431854
4.019262
3.381068
4.010970
3.578731
3.235268
3.493020
3.380646
2.551660
3.047544
3.062343
2.495027
3.236141
3.935035
3.768832
3.591003
4.165844
4.012252
3.542359
3.607152
4.701295
3.149039
3.820226
4.278214
4.107147
3.496322
4.376032
3.361711
3.347370
2.391359
3.253412
3.203889
3.801348
4.231717
3.536286
3.808028
3.713054
3.435428
4.090542
3.842871
1.294280
3.991372
3.993401
3.720829
3.781170
2.664297
4.026785
4.402671
3.372114
5.000000
2.469123
4.516095
3.415032
3.082984
3.987244
3.559155
3.290112
3.701935
2.983197
2.565491
4.035039
3.749168
4.403448
3.935683
3.719882
4.132530
3.173087
3.700557
4.235437
3.288679
4.031962
4.201958
3.381705
3.673662
2.801527
3.719673
4.074124
3.855687
3.365081
3.707672
3.491947
4.175310
2.240482
3.724638
2.595250
3.681169
4.238292
2.837889
3.257609
4.206482
4.219794
3.617805
3.440464
3.384027
4.001039
3.367832
3.892296
4.321955
3.771239
2.933505
3.471925
3.830453
3.462611
3.559023
3.605806
3.057394
4.581806
4.119285
3.427920
3.952834
3.723977
3.946804
4.385366
3.065796
4.292707
3.732881
3.754787
2.837743
3.455738
2.970652
3.443113
4.278608
2.937883
3.797284
3.414812
3.549911
4.230926
3.762459
2.454617
3.369719
4.527646
3.885229
3.166424
3.191510
3.311099
3.779837
4.467122
3.850022
3.282282
2.424723
3.323527
3.505656
3.756970
4.135240
3.944778
3.893282
3.689447
3.459190
3.997734
3.371278
3.146501
4.053748
3.526266
3.959125
3.333413
2.690438
3.657551
3.430038
4.601259
3.777955
3.564138
3.981579
4.014653
2.273607
4.839652
3.981656
3.512035
3.525551
4.443332
1.768992
2.585078
3.517850
2.686469
3.594870
4.078196
4.168889
3.491097
4.262814
4.122485
4.184810
2.941923
2.183514
3.945997
3.591808
3.151049
3.520353
3.209636
3.937479
3.540156
3.589441
2.967003
3.565897
3.443134
4.241924
4.812129
3.609333
2.926718
3.806956
3.169199
3.192040
4.462937
3.670892
3.812280
4.565899
2.966005
4.377857
3.303208
2.828644
3.187690
4.003394
4.189337
3.725794
3.882793
3.579721
3.209079
4.075385
3.375852
4.556198
3.858980
2.992373
2.425044
3.652516
4.464848
3.016636
3.595763
3.591545
2.895293
3.950815
3.787411
2.359036
3.628389
4.141183
3.559523
3.656803
3.608597
3.083530
2.596882
3.447236
3.020272
3.276357
3.733964
4.088822
2.578945
3.706350
3.214200
3.334146
4.746531
2.870045
2.208897
3.744848
4.141648
3.958820
2.562636
4.330837
3.644985
3.539296
3.489455
2.750173
2.758141
2.321226
3.171537
3.213336
3.121440
3.834784
4.025134
3.508840
3.284366
4.119127
3.232746
2.297920
4.127658
3.869931
4.596538
3.884519
3.319933
3.561791
2.604816
2.985040
2.657347
2.803135
4.072313
3.847692
2.903152
3.518137
2.683154
4.499849
2.480066
3.405653
3.240635
2.950631
3.265947
3.585195
4.162236
4.102178
3.510767
3.935659
3.678810
3.095082
3.910235
3.106948
3.895093
4.289143
3.762475
3.322250
4.245248
3.553513
3.034985
3.454395
3.789254
3.534763
3.886209
4.141931
4.351576
3.373912
1.599251
3.902988
3.142874
4.488667
3.160485
4.294011
3.480267
1.646394
3.713317
2.206834
3.017700
3.107678
3.636217
3.770429
3.787890
2.833751
3.874140
2.613902
4.060232
4.792694
3.520189
3.063261
2.722778
3.657018
3.510802
3.660451
3.506867
3.686397
2.896432
3.683615
3.234021
2.752400
3.916320
3.736651
3.733541
4.409620
3.215222
2.843437
3.084502
4.207717
4.342973
3.761696
3.632177
3.561470
4.393921
3.545043
4.668679
3.695796
3.070134
3.308167
3.207476
2.882118
3.848047
2.943359
2.661702
2.449789
2.513239
3.822975
3.286883
3.718864
3.842704
3.541751
4.660964
4.185952
3.852450
3.742551
3.177890
3.352245
3.051571
4.110188
3.909603
4.720941
3.029929
3.343849
1.975050
4.225761
3.681560
2.059411
3.986360
4.178283
3.343897
3.356547
3.347140
3.450100
3.350041
3.269169
3.503187
2.970208
2.630731
3.592846
4.055541
3.628137
3.092332
2.666359
4.009337
3.236691
1.756356
3.818690
4.084595
2.451665
3.838656
3.408127
2.965884
3.056108
3.367212
3.391127
3.659360
3.725794
4.006145
3.663719
3.000185
2.943252
2.400878
2.933992
4.013789
2.990288
3.572654
3.924285
2.662783
2.880092
2.698903
4.090839
3.082379
3.435809
1.520172
4.166993
3.873628
3.218352
3.519240
3.664716
3.948767
3.884871
3.267156
4.058372
3.509212
2.926677
3.778732
3.439415
3.224517
3.856595
3.230120
2.788085
3.615649
2.659936
3.390012
3.996494
3.772064
4.035932
3.367929
2.344566
4.027654
4.314608
3.845180
4.148056
4.289745
3.241543
3.507849
4.753272
4.115421
3.019447
2.575835
4.152871
3.973132
3.760722
2.746633
3.463031
2.472194
4.515249
3.346335
2.984071
3.530096
2.885984
3.151605
3.311405
3.764920
3.582291
3.519632
3.084741
2.958641
4.039600
3.921520
3.348170
2.137813
3.199997
3.951542
2.990362
4.331414
3.930649
3.362157
5.000000
3.625599
4.107028
3.295050
2.147266
3.271855
3.533620
2.955137
3.986915
3.103151
2.818512
3.770974
3.026952
3.352049
1.000000
3.693206
3.115010
3.069862
3.051775
3.017658
1.658941
3.766803
3.599162
3.780695
3.983453
2.692465
3.531577
4.239792
3.171785
3.738596
3.097344
4.284361
2.879510
3.780236
2.142268
4.095224
4.345013
4.079479
2.411685
4.175340
3.150329
2.694623
4.098906
2.646251
4.604438
3.570257
2.955731
3.430820
2.961790
3.905837
3.439307
3.949711
3.771646
3.111014
1.795182
3.729528
3.862525
2.771065
3.690242
3.887738
4.368755
3.919226
4.419811
3.141106
3.544530
3.941376
2.698360
4.299876
2.870111
3.444697
3.056023
3.484908
2.423974
3.743266
2.511635
4.188231
3.777644
3.537069
3.710401
3.063359
2.613942
2.268725
2.911279
3.643154
3.325274
4.048466
3.398492
3.253815
4.167722
3.834513
3.455083
2.482681
3.701836
2.982240
3.958743
3.785347
3.017504
3.645157
3.764962
3.442508
3.726871
3.915322
3.542269
2.417111
3.057229
3.477061
2.335651
2.877316
4.491499
2.958763
1.733910
4.551230
3.199973
3.485798
3.127422
3.058204
1.711027
3.911505
3.581993
3.737321
3.107709
4.270130
3.034985
3.410991
3.636338
3.694031
1.602170
4.379182
2.727626
3.704611
3.218243
2.968148
3.001622
4.187959
3.704322
3.299004
4.383785
3.447809
3.708027
3.063904
3.610682
3.953597
3.767376
4.001650
3.374902
3.134812
3.189008
4.574343
3.337167
3.871767
3.120411
2.845321
3.813966
3.443751
3.306038
2.947059
3.561158
4.018438
3.700921
3.345434
4.532825
3.498539
3.123886
3.891142
3.059801
3.680724
2.887073
3.355454
3.377115
3.194502
2.004502
4.314283
2.352403
3.611597
4.626538
2.999712
2.415549
3.269518
2.671201
2.812523
4.510226
3.235628
3.582774
3.607465
3.697300
3.158841
3.948224
2.809069
3.607481
4.073655
3.855477
4.291717
2.984745
2.331396
3.712751
3.300567
3.982310
3.337408
3.283255
3.316519
3.343261
3.858361
4.082220
3.101072
3.906200
2.054429
4.149303
3.074509
3.696945
3.719924
4.232537
3.181885
3.923152
4.135198
3.942163
4.262316
3.301966
4.301959
4.014700
2.194846
3.173818
3.954046
4.194638
3.653314
2.974811
3.583865
3.781007
4.374795
4.146418
3.995139
3.026661
3.081208
4.623377
4.001911
2.183666
3.552502
3.740024
3.011235
3.361476
4.077025
3.607154
3.598200
2.761815
2.997088
3.863474
3.980897
3.483188
3.946103
3.049849
2.720737
4.012989
2.950270
3.170416
3.781748
3.787425
3.918735
3.807383
3.451177
4.077453
4.025073
3.849920
3.148173
4.216579
4.132188
3.324707
3.684350
2.604766
3.957764
4.213958
3.604788
2.933598
3.818443
3.792903
4.121481
4.282134
2.676134
4.658904
4.255600
2.912360
4.179202
3.386717
2.289842
3.525271
3.811936
4.187650
4.434448
1.810770
3.947283
4.457293
4.324050
3.144814
3.498492
1.995891
3.841651
3.782999
3.837707
2.994846
2.813061
4.005493
3.991294
3.321694
3.637903
4.563703
3.564096
3.515410
3.626252
3.774622
4.158675
3.321169
3.593742
2.747077
2.869406
3.798295
3.457156
3.963074
2.429127
4.597146
4.582440
4.243007
3.446768
2.200392
3.367408
3.705398
4.152917
3.580261
3.994732
3.328796
2.830867
2.767870
3.408760
4.356586
3.768369
4.966944
3.960688
4.085999
3.170972
3.866038
3.302791
4.208457
3.563540
3.723285
2.592156
3.724528
2.360037
3.787100
3.838712
3.746019
3.091454
2.751577
3.542591
3.025349
4.298488
3.605087
4.491210
3.024567
3.954817
3.646626
2.960085
3.577189
4.218329
4.029751
2.557248
3.775133
4.087629
4.205394
4.014664
3.257580
2.604674
2.643478
3.295695
3.073546
4.251194
3.427727
3.213159
4.317241
2.856525
3.759067
2.937449
3.106390
2.272531
4.254762
4.269671
3.755776
3.677445
3.331834
3.689327
4.376032
3.666970
4.669078
3.598026
3.246186
3.332499
3.259937
3.358757
3.973318
2.813895
3.658267
2.928637
1.785045
3.400244
2.171078
3.167566
3.499236
4.097838
3.169817
3.253508
3.041529
3.849506
3.522246
4.125936
4.276261
3.278847
3.498021
3.819944
3.544065
2.890207
3.300234
3.679055
3.912859
3.711114
3.248427
4.101886
3.469104
4.287223
3.578873
3.693337
3.780352
2.421424
3.053085
3.429844
4.194345
3.572017
2.216554
4.867345
2.927270
4.116715
3.735553
4.026138
3.921947
3.896415
3.516900
3.816603
3.112041
2.839618
2.325368
3.386966
3.874974
2.759500
3.668912
4.622018
4.479684
3.826691
3.190852
1.351832
2.483372
3.569516
3.661946
3.695522
2.708334
3.801777
3.767826
2.325131
3.478069
2.492188
4.372689
3.407693
3.425366
4.632039
3.875707
3.857078
4.441166
3.772938
3.588474
3.486399
2.982384
4.104184
4.000578
3.291048
3.897387
3.573105
3.004023
3.620367
3.296741
3.953530
3.071786
1.949591
4.291087
3.559097
2.691681
4.278834
3.241071
3.208254
2.930727
4.160486
4.207729
3.750960
2.922855
3.984191
3.583646
3.802287
2.730468
3.253887
3.423368
3.491812
3.830063
4.389347
3.278516
3.897197
2.374507
3.948303
3.584207
4.310765
4.203311
4.799485
3.645094
4.297129
4.129658
3.640428
4.003209
4.091007
3.613611
3.341222
4.179877
3.521222
3.054844
3.084481
3.768547
2.998142
3.233700
2.991809
3.613808
4.014697
2.358865
3.618241
3.414405
3.128260
2.297730
3.001971
3.235113
3.063698
3.702164
2.946185
3.441574
4.045990
3.347124
4.629036
3.257692
3.357560
3.355945
3.342318
3.638379
2.166160
4.293937
3.008346
2.587385
3.584554
3.449612
3.414616
3.185594
3.000041
4.102770
4.908036
3.478699
4.440180
3.583058
2.798643
4.177098
3.662007
3.674602
3.466943
3.573347
3.927891
4.002331
3.592543
2.738347
4.391797
2.799989
3.170790
3.962153
2.662407
3.960706
3.281042
3.925174
4.246495
3.975605
3.653625
4.143463
4.046449
4.258053
3.618771
2.724823
2.530066
3.996073
3.298649
4.832620
4.066403
4.708592
2.890516
2.757505
3.586380
2.141733
4.373631
3.710600
2.449568
2.894742
4.058052
3.097621
3.612385
3.800154
4.342315
4.268382
3.636674
4.061700
3.710491
3.571649
4.076230
3.710445
3.610265
3.249713
3.168297
3.030722
2.699733
3.830195
3.281568
2.451252
4.099773
3.213491
2.042257
3.933895
3.122904
3.683970
3.205725
2.256850
3.879287
3.620740
4.475871
3.882790
2.817879
3.213193
3.778689
2.538173
2.354499
2.442731
2.813723
1.839152
3.431471
2.925696
3.675825
1.954706
2.074275
4.406184
3.542875
3.392986
4.330378
4.190075
4.148690
3.892106
3.383729
2.958467
4.015977
3.824293
4.419779
3.773930
4.051824
3.491448
4.411440
4.388607
3.039997
3.266548
3.903204
2.492023
3.831710
4.390742
4.257660
3.423100
2.542877
4.364867
3.035154
4.144937
3.033375
3.691075
3.572374
2.138190
3.849129
2.617007
4.615394
3.511014
3.910149
3.570714
4.245228
3.423645
3.846735
2.386897
3.456634
4.320719
3.867729
4.040475
2.790890
2.854456
3.962550
3.116048
3.697758
4.515181
3.805065
4.192745
3.623640
4.238158
3.292044
4.025447
2.830677
3.960598
2.482245
3.694379
4.174824
3.389203
4.053662
3.247304
2.881946
4.193064
2.672601
3.768823
3.904792
3.813256
3.431382
3.346282
3.256642
3.294333
3.249454
3.957373
3.078275
2.828589
3.587514
3.958018
3.353131
4.291416
3.846105
3.286713
3.466604
2.843725
2.143841
2.933207
3.565343
2.166853
3.752406
2.954194
4.640773
3.667417
3.454891
2.040125
3.578420
3.896437
4.021368
3.136230
4.033106
3.149702
3.789643
2.918783
3.123609
4.311934
3.938595
3.191120
3.448373
4.501514
3.323836
3.993413
4.323993
3.632916
3.181470
3.397870
4.727073
3.022487
3.525108
3.289038
2.950701
3.128850
1.881842
4.180955
4.352192
4.216809
3.604958
3.844626
4.127475
3.591407
3.550449
3.495117
3.036060
4.469748
3.173945
3.854020
4.269243
3.909054
1.821687
2.477623
3.165612
2.869153
4.214044
4.264276
3.461172
3.678478
3.649856
2.987448
3.498072
3.986386
3.819591
4.711372
3.387100
4.667930
3.758079
3.917999
4.068125
3.303563
2.283862
3.752440
2.799504
4.114119
2.936385
2.691178
2.915784
2.820810
4.033115
4.302186
3.594029
2.711236
4.304658
1.926470
3.966782
3.602398
3.134329
3.961989
3.629661
3.385149
3.514393
3.596120
3.856106
4.213204
2.666305
3.884845
3.805830
4.517270
3.497970
3.861434
2.741847
4.247967
3.411599
4.358689
3.852748
3.827734
4.148379
4.345931
3.149170
4.131547
2.922377
3.918621
3.535013
3.761333
3.925378
3.895458
3.286072
3.598967
2.212164
4.009920
3.876780
3.721785
3.652146
3.180686
2.984726
3.252882
3.372833
4.770788
3.476296
3.800263
4.039196
3.359980
2.229641
3.018908
3.833485
3.212598
2.348409
4.140185
2.180723
4.494108
3.552910
3.418958
2.281618
4.442084
4.391573
1.866485
3.099209
3.727325
2.784490
2.757680
4.459295
2.276925
3.742835
4.486027
1.983722
2.492287
3.498836
3.853702
4.688888
3.356431
2.827962
3.643913
3.932288
3.684848
3.273195
4.268200
3.006003
3.013395
2.890263
3.390472
4.155854
4.002603
4.115172
4.455986
3.605110
3.581663
3.830453
3.984564
2.602870
3.146120
3.788247
3.783569
2.383906
3.831780
3.117587
3.728854
2.982517
3.204811
1.823014
3.826930
2.940818
3.291318
3.556388
4.223492
4.233748
2.734909
3.375436
3.624335
3.162503
2.794885
4.410669
4.340260
3.328466
4.106571
3.619881
4.007934
2.294338
3.514642
3.706217
3.872359
3.664012
4.035292
2.056777
3.630570
2.534680
4.042130
3.486800
3.989184
4.021337
3.810355
3.649475
3.156247
2.740616
3.539513
3.112237
4.150529
4.211751
2.601836
2.577122
3.657936
3.911357
3.698438
3.912698
3.325226
4.128103
3.358983
2.631431
4.512177
3.154224
3.410713
3.831260
2.543154
3.991530
3.449497
3.179037
4.144707
4.424744
3.969241
4.054414
4.416488
3.339827
4.024265
4.184600
4.175077
3.697680
4.168305
3.438389
3.377833
4.309845
2.760106
4.223024
3.839430
4.037316
4.217621
2.006847
3.744412
3.540871
3.780169
3.518096
3.362124
4.340411
3.032710
4.717964
3.880992
3.304874
3.863019
4.574392
3.539042
2.783826
4.144247
3.889489
4.522674
4.186721
3.578679
3.676316
3.823034
4.004426
2.367377
3.434391
3.889747
3.522844
3.263099
4.715277
4.582088
3.968616
3.502666
3.913799
3.112803
3.738976
3.160177
3.630334
4.343804
3.093407
4.199331
3.539546
3.401119
3.270661
3.292699
3.657276
2.773836
3.414714
3.749745
3.068846
4.657435
3.652134
3.251948
3.936817
3.318826
3.218217
2.946477
3.116040
2.931359
3.737568
4.319143
3.985121
3.729838
3.107471
3.955379
3.730229
3.771956
4.542857
4.200168
4.377254
3.274945
4.401535
3.155410
3.824377
2.225734
3.718320
3.192062
3.203765
1.467190
3.652371
4.284016
3.003275
3.512209
3.674917
2.858568
3.135388
2.569922
3.362502
2.224468
2.872131
2.702455
3.279244
3.370716
4.240818
3.873556
3.246544
3.093213
3.415598
3.072634
3.187641
4.664778
4.096935
2.944840
2.022957
4.038535
3.896931
3.395915
3.514066
3.657884
3.420840
3.791257
2.459524
3.211310
4.030315
3.878119
3.838189
3.545827
3.084664
3.243081
3.512912
4.343655
3.742705
3.377807
3.649329
3.154972
2.927504
4.023810
4.080733
4.261198
4.397300
3.650180
3.131507
3.704955
3.511791
4.565304
3.372610
3.404680
3.649603
3.044186
3.296980
4.247763
4.153936
4.043019
3.677039
3.182092
2.461493
3.221119
3.998373
3.598911
3.461639
4.712073
4.144912
3.413875
3.705450
4.599839
4.500643
2.967422
3.973290
3.782306
4.216286
3.551895
3.065567
4.090016
3.807777
3.601705
4.323509
3.558064
3.222338
4.134785
4.451161
2.525801
3.739069
2.903318
4.815465
2.878637
3.820558
2.907998
2.005569
3.220068
3.793847
3.291187
2.986179
3.299207
3.588473
3.109965
3.123602
3.760767
4.084745
3.545561
3.630484
3.766327
3.962053
3.091885
3.182586
2.434438
3.644995
3.060299
2.789980
4.209773
3.543476
3.287233
2.798174
3.301360
3.265978
2.145333
1.000000
3.514299
3.847441
3.327140
3.412887
4.396638
3.950469
2.302404
3.874877
4.542331
3.423958
4.115963
3.811439
3.285396
4.123582
4.116853
3.881897
4.286692
4.024652
2.280173
2.659562
2.708221
1.000000
3.723496
4.058502
3.696928
3.967366
3.566819
3.597907
4.147286
4.154873
4.120749
4.337808
3.110137
3.333181
3.851937
2.243136
3.746895
3.149618
4.030940
3.442060
3.963564
3.451344
4.669507
3.387923
3.034110
2.921175
2.878346
4.271662
3.685273
4.357217
2.354504
3.271914
3.886708
3.697540
3.014835
3.388786
4.163631
4.127918
3.170088
3.047088
2.865170
2.924533
3.860227
2.735494
3.765712
3.729297
3.519916
3.472310
3.856811
3.600056
3.361248
3.503378
3.662389
2.839207
3.445051
3.776116
4.045308
4.218406
3.637438
3.374751
3.911523
2.908568
3.253973
3.996794
2.410346
3.307885
3.534535
3.693357
4.347234
3.164025
3.167571
3.227051
4.255531
4.497064
4.143449
4.007695
4.424736
3.274585
4.672398
3.857474
3.258743
3.098699
3.582138
2.561452
3.988229
3.299826
3.745534
4.155836
2.103016
4.378169
4.233408
3.741139
3.937895
3.872741
3.236062
3.168162
4.218548
3.727858
3.585046
3.172633
3.677179
4.114444
4.061885
3.546469
2.711623
3.976727
4.338593
3.898640
4.201586
3.175801
2.586831
3.942185
4.267873
4.242650
3.374465
3.650151
4.117297
3.195216
4.328430
2.848059
3.887054
4.166205
3.645053
2.570858
3.458598
3.800175
3.837930
3.439577
3.613093
3.075429
3.128105
2.601933
3.790814
4.533635
3.831551
4.407048
2.990002
4.514243
2.429463
3.731951
3.028958
1.256617
3.180754
3.465284
2.734574
3.796830
4.426828
3.823068
3.509629
2.541857
2.265232
3.999345
3.802943
3.304812
3.699344
3.251103
3.901192
4.241405
2.157025
3.288982
3.928364
4.401188
3.443793
3.386244
3.419489
2.779385
1.850834
3.022461
3.397194
3.925945
3.686040
4.314772
3.179152
3.207058
4.103984
5.000000
4.069407
4.050691
3.915589
4.331704
2.131544
3.306901
3.883011
3.444081
4.558371
3.012469
4.202103
4.129160
3.845466
3.859007
3.904446
1.737229
4.332164
3.577668
3.394102
4.300788
3.664106
2.733449
3.678861
3.455105
4.057325
3.483073
2.915030
2.375017
3.907031
3.138190
2.135449
3.826658
3.168663
3.337584
3.207201
2.301529
3.800738
3.826960
2.910651
4.009194
3.904357
2.175105
2.722070
3.155434
3.874714
3.923651
4.035897
4.078723
3.273397
3.535458
4.206367
2.710394
3.709478
3.540847
2.290223
2.830586
4.036648
3.092935
4.312950
3.579022
2.633059
2.267803
3.994469
2.870475
4.025417
2.387017
3.236467
3.399606
2.096003
3.978728
3.909958
2.761796
3.444004
3.461790
4.053841
4.323483
3.077127
3.505225
3.823292
3.696652
4.040269
3.245354
3.872477
2.405366
3.410901
3.286264
3.564145
3.885407
4.304225
4.693102
3.005131
3.706174
3.249429
4.234327
2.728715
3.466940
3.797477
3.365769
3.103361
3.316072
3.781710
3.044860
2.807403
3.381878
3.105971
4.291963
3.309527
3.998254
3.590398
2.803532
3.117892
2.715911
3.056809
3.069960
1.978787
3.065401
3.520313
3.293343
3.547546
3.151143
3.831673
4.350825
3.712716
3.775442
3.849135
4.002311
2.701140
2.610092
3.551063
4.311170
3.672107
4.049012
3.485612
4.069538
4.425643
4.063186
4.078195
3.502019
3.023056
3.614466
3.048435
3.551259
3.692810
3.641676
1.849631
3.832798
3.225992
3.761916
2.930155
3.512683
3.549661
3.226773
3.102392
4.143071
3.240623
3.348287
3.505957
3.418152
4.695427
2.803286
3.053681
3.000006
3.468093
3.334932
4.071421
3.219514
3.672807
3.489457
4.064481
3.756771
2.716846
4.211402
3.895030
4.360777
2.972785
3.297763
3.700015
3.571284
3.661013
3.581203
3.858260
4.374020
4.207794
3.796589
3.497785
2.844719
4.192305
4.199561
1.865387
3.489532
3.651082
3.690943
2.859279
2.823700
4.192900
4.429507
3.498581
4.197045
3.788562
4.490994
3.324169
3.668541
3.285431
2.958354
3.671427
4.056042
3.358863
2.944564
3.926432
3.775974
2.896098
2.786085
3.449831
4.078655
4.206034
4.381948
3.385867
3.353018
3.708957
3.560360
4.440343
4.169642
4.150054
3.710525
3.080585
2.981436
4.772657
3.297029
3.624102
3.110848
3.560584
4.771499
3.201679
3.445484
4.125514
3.057290
3.121299
3.093126
3.739445
4.232044
3.453821
4.103392
2.626200
4.320381
3.784951
3.527541
3.511869
4.710084
3.339918
3.271259
3.609785
2.755427
4.179983
3.229031
4.126566
3.949171
3.622724
3.980156
3.175659
3.235540
3.553684
2.977095
4.087903
3.693744
3.027705
3.495062
3.100372
3.933938
3.697274
3.663599
3.589211
3.995353
4.090637
3.632213
4.276443
4.284404
3.190777
3.803981
3.080801
4.260845
3.375410
1.518091
4.189321
3.262489
3.982111
3.733766
3.448564
3.358042
3.926249
3.322449
2.899461
4.187285
3.532784
3.305814
4.556452
3.925439
3.069327
3.742766
2.828346
3.529383
3.754789
3.865360
4.367760
1.234353
3.711964
2.984884
3.904242
4.145274
4.552300
3.378044
3.438074
2.094010
3.372606
3.712812
3.932824
3.582168
3.558318
2.480272
3.674293
4.264571
3.325967
4.149137
3.858479
4.069665
2.642009
2.718905
4.430176
4.182645
3.187761
3.908302
3.234899
3.036275
3.119314
3.860242
4.440110
2.737584
3.193084
3.404894
3.809549
3.528679
3.435830
4.130438
4.488266
3.428660
3.584697
4.073691
3.818972
4.305004
3.955947
3.629867
4.153387
3.007494
4.245156
2.492484
3.549325
1.227658
3.506283
3.856146
4.354624
3.784153
3.092928
3.870130
3.006909
4.762259
3.572726
2.747993
4.225576
3.628438
3.579479
4.036883
3.365610
4.246532
3.992135
2.647307
4.178822
3.960639
4.049133
3.020358
3.353890
3.951527
3.528901
4.199225
3.481317
3.826719
1.980993
3.771213
2.822379
4.714732
4.224621
4.494915
2.884538
4.136510
3.506987
2.648355
3.841617
4.105166
4.432920
3.277399
3.213373
3.667857
3.584906
3.125186
3.834392
3.770180
4.169627
3.942073
3.132755
2.777074
2.849954
3.776576
3.126018
3.827106
3.775966
3.395396
3.623942
4.098566
4.164869
3.865576
4.367212
4.298116
4.283400
3.990226
3.529783
2.385667
3.823781
4.032386
4.409693
4.418640
3.228065
3.665838
3.356225
3.933474
3.806366
3.840818
3.020499
3.317294
3.482605
1.727753
3.774707
4.137155
4.430794
3.888866
3.623602
3.835076
3.344786
2.361408
4.418338
4.484774
3.814728
2.910446
3.831374
3.905318
4.129983
3.378640
2.831035
3.854605
3.100011
4.071430
2.179962
3.209178
3.225422
4.809516
2.972777
3.022278
3.250304
4.183802
4.304999
2.590328
3.000739
3.223118
3.429065
2.848703
3.859706
3.243678
3.636541
4.307649
3.846512
3.532261
4.157578
2.844939
3.478136
3.572642
4.202281
3.880427
3.166644
4.240815
2.865183
4.360949
3.251924
3.968318
3.942172
4.531665
2.783698
3.751732
4.074592
3.704879
4.961199
3.856987
3.233265
2.824979
4.210362
3.888254
3.273374
3.631392
4.185130
3.386507
4.639021
3.464667
3.126741
3.990843
3.594684
4.156484
3.855390
4.017770
4.453742
4.320539
3.393975
3.168677
3.231968
3.659925
2.682290
3.209804
4.233543
3.484291
3.857807
3.699193
3.082434
4.242780
1.423377
3.558047
3.741642
1.863620
3.066062
2.413140
3.244033
2.641193
3.432184
3.343994
4.343935
3.994805
3.777732
3.622882
2.834113
3.836071
3.745251
4.070496
4.379473
3.564701
3.602852
3.800897
4.094381
4.274604
3.285600
4.135191
2.380992
3.548306
2.968751
2.655000
2.957520
3.751012
3.766593
2.631833
2.832466
3.672259
3.675339
3.808986
1.927843
3.451733
3.854787
3.116290
3.607235
3.200844
3.185668
3.280257
4.540215
4.444701
2.991499
3.644904
3.479379
3.989629
3.276046
2.893753
4.389730
3.002270
3.864078
2.625025
2.911702
4.280710
4.559155
3.157790
3.497214
1.886108
3.254285
3.392179
2.566364
2.856127
3.619848
3.413773
2.368904
4.387043
3.349223
3.587332
3.308095
3.731303
3.402916
3.899992
3.815499
4.374901
3.395062
4.386545
2.808000
3.142138
4.041610
3.255385
3.231584
3.734301
3.761972
4.440878
4.076233
2.700889
3.552394
3.605928
3.182791
3.339783
3.247437
3.922321
4.113495
4.224890
4.068515
3.994655
4.215288
3.448700
3.405307
3.735158
4.290261
3.419139
4.113286
3.034306
2.929666
3.184250
1.867229
4.144053
3.079201
4.024875
3.708325
3.635608
3.993196
3.550311
1.116240
4.134798
4.023912
4.484344
2.398838
3.634671
4.219586
3.425137
3.922065
2.873108
4.348309
2.680486
4.475532
4.216415
3.415970
4.839782
4.121024
3.152804
4.107179
4.753212
3.711245
3.567104
4.361545
3.916063
3.446041
2.037762
3.105128
2.474822
3.597863
3.028144
4.030034
2.633982
3.539777
2.976374
3.259451
4.887320
4.372706
4.338418
4.280317
3.662094
3.220883
3.329705
3.364089
3.659009
3.736063
3.346529
3.949234
2.971938
3.674071
5.000000
4.098597
4.403012
4.063785
3.654927
4.221187
3.463767
2.949355
4.227614
4.051025
3.568148
2.927632
1.906200
4.042490
4.033681
2.793737
3.692026
3.877656
2.628934
3.334139
3.833736
4.148032
4.637877
4.047956
3.422728
2.952455
3.238432
3.110627
4.022615
2.186962
3.653765
3.613301
3.273402
4.543440
3.748834
3.391121
1.618740
2.474718
3.189250
4.171005
4.150864
3.694016
3.659686
2.397276
2.831280
2.034813
3.770434
2.271267
3.855410
3.535201
3.187402
4.073518
3.791528
3.190157
3.508847
3.690143
3.398617
3.139704
3.995194
3.918137
4.317326
4.018980
1.008184
3.706386
2.697447
2.695605
2.884236
4.494149
3.052886
2.994839
3.822596
3.437228
3.717950
3.435429
4.052728
3.456829
3.944106
2.756176
3.434180
3.304183
3.500281
2.723480
4.054982
4.728104
3.706316
4.032492
3.149803
3.522908
3.866006
3.815215
3.608196
3.260172
4.408635
4.283040
4.019341
3.366820
3.304357
3.805476
3.159600
4.583663
3.486492
2.197287
4.029491
4.398180
3.013577
4.097082
4.443332
4.084068
3.260398
4.350870
3.644226
3.302608
3.613599
3.100755
3.616639
3.584678
4.272406
3.037838
2.344400
2.712456
2.972562
3.344902
2.495126
3.533330
4.706530
4.468830
4.708907
4.114598
3.885973
3.923524
3.775712
2.482240
4.249340
3.035725
4.665166
4.016054
3.735662
3.288804
3.762973
2.689344
3.711338
2.315422
3.863285
2.933004
3.550649
4.650289
3.433711
3.245779
3.341991
2.377294
3.133555
3.909632
3.847500
3.933801
3.231281
3.659696
3.462555
4.414897
2.955181
2.596489
4.009968
3.452191
3.548731
4.563002
3.433661
3.047343
3.049377
3.659805
3.235645
3.035390
4.478535
2.725352
3.866959
3.538038
3.112308
4.175098
3.831136
2.896786
2.139040
2.663230
3.718768
3.716512
3.650943
4.107250
3.535326
3.633797
3.265771
4.206098
3.545555
3.641608
4.046316
3.892166
2.523219
4.087945
3.145863
3.940540
2.352225
2.847661
3.015271
1.818164
3.359840
3.326907
2.889872
4.262311
3.135722
3.391728
4.279690
3.902121
2.981257
3.525260
4.030304
3.287493
4.396677
4.163791
3.826166
3.646600
3.949181
3.688482
3.734128
3.431906
3.705771
3.774370
3.315843
2.871545
3.008752
3.604100
3.632977
3.864933
4.090880
3.690494
4.129915
3.604964
3.249802
3.693597
3.426556
2.807143
3.874767
3.279679
3.590739
3.356361
3.549636
3.459091
3.814506
2.970465
4.012441
2.570699
2.502421
3.552240
3.057822
2.996682
3.387980
3.036614
3.588116
3.054011
3.400034
3.216034
3.994254
4.239353
2.805355
4.485286
3.780104
3.428432
4.060289
4.291819
3.844128
2.882955
3.202981
3.152933
2.272693
2.900197
3.577935
3.668116
3.848015
4.085714
3.377620
3.321271
3.861619
3.497575
3.295558
3.433045
4.247851
3.492899
4.421820
3.005479
2.984591
3.095542
3.392908
3.705154
3.075625
3.130697
4.760339
2.800830
4.348679
4.159532
3.331835
3.727268
4.286360
4.401978
3.643956
4.050929
3.736871
4.409125
2.438609
3.221779
3.969324
2.887527
3.595597
3.928195
3.512013
4.007361
3.711724
4.209259
4.463435
3.981212
3.960791
3.618125
3.724620
3.056311
3.380139
4.337328
3.160915
3.476681
4.188669
3.722891
4.056976
3.925516
3.162171
3.374338
3.385521
2.785669
3.084681
4.406142
3.235703
3.921982
4.422710
4.062195
3.667893
3.360910
3.820891
2.124809
2.782409
3.183654
2.780172
3.641284
3.533679
2.622615
2.255039
3.975419
3.109805
4.097664
2.413071
3.699854
3.769846
3.609070
3.828462
2.367501
4.023815
3.177374
4.328512
3.298285
3.840535
3.472874
4.589503
3.685740
4.487477
2.776592
4.441080
2.421113
2.590596
4.352917
3.288738
4.713906
4.088179
2.516037
3.647223
3.766143
2.853920
3.230552
3.654616
3.632294
2.654957
3.667187
4.101620
4.239956
3.270335
4.455026
3.729668
3.543961
4.382151
4.008164
3.193201
2.749048
3.204161
3.258772
3.325907
3.600037
4.319163
4.850844
3.885276
3.789564
3.938627
3.143386
3.121291
4.557703
3.287021
3.376009
4.065924
3.036379
2.562078
4.345240
4.026726
3.811172
3.462397
3.435582
3.811283
2.123239
4.055910
3.271357
4.162116
3.456102
3.962087
3.777898
2.904202
3.183850
2.960637
3.829725
2.868061
4.287405
4.041067
3.399012
3.454848
3.245324
3.058220
4.113589
3.589284
2.974990
4.419403
3.953930
1.315053
3.976101
3.288730
2.534506
2.611035
2.561317
2.213827
3.610338
2.959782
3.751429
3.837628
3.776342
3.734308
3.821314
2.010115
4.040674
3.461010
3.736216
3.278843
3.899106
2.113221
3.965127
4.052165
4.259484
4.077553
3.320204
2.409638
3.357542
3.660100
4.221485
3.786415
3.350173
3.912938
3.908530
4.262953
2.575039
2.964633
3.089470
2.907325
2.808764
3.515670
3.598709
3.337673
2.970847
3.848604
4.292118
3.179518
4.128020
3.501302
3.423937
3.761661
3.426284
3.789129
3.190600
3.450625
3.549582
3.002394
3.821874
3.212460
3.074000
4.111220
3.095664
3.401575
4.093282
3.542691
3.523843
4.285225
3.825146
3.366020
4.251328
2.682857
2.866759
3.429792
3.706437
2.983605
4.258456
3.889072
3.624457
2.367864
3.072960
3.705446
3.064526
3.738500
3.969641
3.806279
3.233944
3.665287
1.813997
2.646308
2.757223
3.453449
4.388728
4.061035
3.352073
4.023120
4.253283
4.040696
2.529090
2.968932
2.888895
3.684616
3.346906
3.518595
3.438016
2.957774
2.875975
4.072619
2.686539
4.148063
3.903978
3.173733
4.168710
3.147080
4.591244
3.890562
3.793855
3.472618
3.856075
3.545144
4.245124
3.743435
4.264795
4.284003
3.779338
3.479846
3.652511
3.159477
2.826561
3.816102
3.288314
2.967180
4.436337
4.074421
3.922420
3.565779
2.795814
3.852398
4.034007
4.184345
4.486873
3.727010
3.415176
3.686050
2.545775
3.071682
2.595941
3.463089
4.006394
2.312679
3.641091
2.645361
3.362586
3.808335
4.195152
2.394007
3.988573
4.205617
4.249126
3.642673
3.793935
3.650498
3.660150
3.380820
4.162402
3.749381
2.163989
3.765688
3.559698
3.325096
4.061512
2.940194
4.126175
3.639981
3.420947
4.072932
2.849898
4.479622
3.402308
2.615842
3.441742
3.353368
2.739542
3.423409
4.095284
4.348566
3.819705
3.271453
3.219533
3.631258
4.193133
3.901009
3.135332
2.937357
3.901416
4.196199
3.782635
3.545474
3.990782
3.607357
3.309427
3.476300
3.436090
3.841211
4.342665
3.474999
2.945744
3.510997
3.353915
2.976268
2.941840
2.975070
3.306948
3.103528
3.432913
3.540621
3.519358
3.167112
3.702051
3.579716
3.381646
4.583112
4.018283
3.608575
3.896823
3.307881
4.366501
4.393826
3.928030
4.403601
4.210605
4.386536
3.110292
4.150780
4.820258
4.033054
4.180427
2.981826
3.234127
3.814025
2.912650
2.958305
3.953236
3.969856
4.205291
4.530068
3.580427
2.898109
3.735685
2.640565
3.235636
2.468071
4.132630
2.442981
4.241622
2.718507
3.413106
3.513390
4.176801
3.594958
3.279001
3.673830
4.815113
2.517159
2.696937
4.363366
2.639995
3.457024
3.179608
4.283456
3.907177
3.046420
3.796711
4.063173
3.055700
3.701040
3.691448
3.019343
2.803953
4.056350
3.382782
3.572930
4.006320
4.691296
4.511852
3.641444
3.567278
3.944346
3.812175
4.098501
4.388259
1.979370
3.785588
4.086943
3.566256
3.897930
3.980860
3.103166
3.756314
2.736427
2.476062
3.912611
2.619155
3.812805
3.747424
3.246617
3.260891
3.715601
4.419928
3.866800
2.146456
3.210719
2.699678
3.719823
3.899853
3.345034
4.003940
3.988470
3.988508
3.086310
1.999401
4.358101
1.829973
2.756889
3.450533
3.112572
2.890702
3.872016
3.714452
3.111965
4.357645
3.358400
2.722689
4.213622
3.260367
3.559070
4.077120
3.335196
3.410105
3.948495
3.806276
3.811196
4.668557
4.024770
4.268254
4.062200
4.208073
3.640841
3.035543
4.380046
3.618590
3.180347
3.070653
3.491944
3.672919
2.984423
3.845114
3.524671
4.741170
3.084375
3.388123
4.169291
3.650601
3.697657
3.890640
4.145795
3.617022
3.500552
3.695113
3.751172
3.723937
3.940950
3.967766
4.044044
4.269484
2.640980
3.631289
2.896149
3.569196
2.912771
4.220798
3.657107
3.137716
3.510869
3.717634
4.172745
3.623381
4.411986
2.337996
3.378915
4.245128
2.688899
3.516955
2.815029
2.413349
3.930141
3.433437
3.223537
4.285238
3.560164
4.253197
3.836288
3.559260
3.808446
3.121747
4.040150
2.665360
3.301358
3.015976
2.165384
3.390276
2.435404
3.026331
2.594139
3.638900
3.317211
3.926979
3.661656
1.662234
2.163243
3.452961
3.698256
2.670174
4.032532
3.698613
4.345539
4.804119
3.388816
3.516112
3.537931
3.563840
3.993336
2.975622
2.965201
3.514731
3.708441
3.788633
2.562669
2.897559
2.336693
3.376341
4.484893
3.995924
2.724100
3.590386
3.384973
2.529299
3.046965
3.427763
2.924324
3.334977
2.370597
3.386968
3.706480
3.844511
3.727590
3.418645
1.885248
3.211183
4.604476
3.829598
4.389386
3.919839
3.944002
3.313604
4.351927
3.404575
3.874637
3.299898
2.273440
3.923168
3.567902
4.362985
3.486568
3.727172
2.598910
2.933485
3.273617
3.623724
4.172185
3.427392
3.248030
3.401901
3.516003
3.545214
3.190895
2.883532
3.444397
3.928685
4.215492
3.519595
2.699003
2.947566
3.755849
4.108984
3.535787
2.599978
4.637073
1.798718
3.233071
3.042844
3.504871
1.974506
3.999355
2.451747
4.472991
3.807875
2.014995
4.077065
3.679060
3.877172
3.539894
3.876435
3.714953
3.944571
4.378997
2.585739
4.012208
3.260433
3.994777
3.337679
3.567811
2.522814
4.199205
4.248823
4.435670
3.382811
3.414418
3.774250
3.375353
4.303033
1.822477
3.503836
3.387928
4.274805
4.279338
3.403750
3.145821
3.574612
3.593732
2.435329
3.696812
3.411343
3.917138
4.311510
4.598806
3.776497
3.977408
3.804484
4.272849
3.211087
3.907475
4.025277
3.389686
4.457619
4.122097
4.198648
4.428135
4.098582
3.218905
2.996586
3.066060
3.371615
3.898341
2.722333
3.907918
1.943591
3.194652
4.036411
3.910474
3.910575
3.538709
4.628841
3.282455
3.299739
3.730082
4.018554
3.204966
3.808106
4.179661
3.972674
2.685948
3.797747
3.837727
3.751458
3.638602
3.351847
3.379859
4.145712
3.277989
3.477321
2.441402
2.674995
3.491121
3.747379
3.767916
3.716792
4.523220
3.692346
4.443126
3.651020
2.973509
2.966691
3.966095
3.877747
4.365136
3.526354
2.709171
3.325716
3.217866
3.587919
3.593223
3.644955
2.982758
3.966953
2.845194
4.081988
4.100433
3.484511
3.919072
4.217385
3.659330
4.236845
3.721988
2.793718
3.825050
3.157979
4.083499
2.597072
3.596903
3.478861
3.455391
3.130986
4.428736
3.891820
3.592775
3.559437
3.175773
3.910223
3.394628
3.100459
3.701502
3.393394
1.619133
3.801637
4.088271
3.882811
3.414046
4.013147
3.256672
4.171768
2.707916
3.612920
4.322942
4.147151
3.798686
3.498709
4.114537
3.988896
3.629797
3.327480
2.920049
3.737278
4.261381
3.961369
4.194865
3.088498
3.636942
3.144783
3.236496
3.281981
3.460342
3.564461
3.834431
3.488065
2.902106
4.259852
3.281265
3.587643
4.381785
3.754383
2.643815
2.555030
3.975425
4.153518
3.620741
3.631427
4.863478
2.106014
3.483248
3.871707
2.673629
4.185967
2.912941
3.720380
3.003941
4.147325
3.393682
3.681497
2.191121
3.938116
3.747198
3.791563
3.795078
4.120554
3.926372
3.772155
2.504171
2.895986
3.475547
3.722916
3.122844
2.474934
4.291585
2.927453
4.151102
2.772700
4.548419
3.473429
2.747151
3.833225
4.475594
3.779300
3.699412
4.060274
3.339885
4.409166
3.998464
3.741387
4.263710
4.164051
4.322408
3.770238
3.272121
3.918972
4.128067
3.580214
3.029168
1.631196
3.597997
3.876699
3.257938
2.730162
3.129688
4.212807
3.369947
2.804419
3.126258
4.693983
3.741963
3.029656
3.399811
3.123727
4.278130
4.235042
2.181495
3.236907
4.194470
3.181452
4.306504
3.367715
3.557276
2.696630
4.056129
3.896949
3.702774
4.495650
3.108863
3.247355
3.363091
3.324796
3.784006
3.331044
4.369929
2.461916
3.416474
4.507574
3.419016
3.774318
3.174284
4.406519
4.142910
3.266012
4.532818
3.970633
3.851462
3.245307
3.988648
3.210897
4.389617
3.939169
4.321872
4.145380
3.301652
3.643022
2.236067
3.998220
4.039919
4.291998
4.500776
3.688609
3.166184
3.234382
4.189769
4.985857
4.528562
4.141088
3.208469
3.514152
2.828416
4.129999
3.562611
4.381317
3.534675
3.967886
3.373381
3.993558
2.199475
4.269726
3.580712
4.555611
3.285211
2.570199
2.662106
3.215127
3.900045
4.472305
3.753366
3.692430
4.254900
3.499453
2.838105
3.937514
3.723460
3.125123
3.741420
2.629821
4.072483
3.285700
4.737149
3.627371
4.303597
3.458888
3.777586
4.427108
2.545690
3.189717
4.205499
4.231990
3.270213
3.954213
3.879837
3.079193
3.257019
2.771370
3.634460
4.159283
3.398167
4.317451
3.556744
3.177992
4.039571
3.057692
4.697862
2.504041
2.916397
3.427025
3.500841
4.042156
3.038982
3.894302
4.126847
2.602676
3.428815
3.752108
3.434518
3.905680
3.854455
4.478342
2.669003
2.786991
3.815357
3.463627
2.961638
3.305059
3.965534
3.373247
3.346401
3.231428
3.605938
3.506796
3.326136
4.089131
3.264775
3.713083
3.161269
3.772316
3.054220
4.425935
2.557446
3.510462
3.401894
3.090689
4.219499
4.140256
2.872591
3.629288
2.515010
3.152468
3.753025
3.943519
2.540195
3.997524
3.825969
4.296459
2.638345
3.104178
2.770409
4.088994
3.704674
3.073459
3.858849
2.726539
4.229732
3.233324
2.605727
3.380046
2.233409
3.997504
3.196661
3.564140
4.073900
4.446739
3.781401
4.024568
1.547125
2.650424
3.557215
4.395269
2.834185
3.468822
3.719219
3.280463
2.059230
3.793458
4.806438
4.004992
1.472757
3.835057
3.920296
2.373747
4.023867
2.927595
3.450160
4.039262
3.655075
4.102747
3.912469
3.777914
3.450326
3.782893
3.316846
4.135354
4.222643
3.372368
4.065045
2.661497
4.518811
3.264777
2.233604
3.567656
3.325637
3.576216
4.685936
3.184546
2.926938
3.372345
3.861391
3.111014
4.122435
2.697922
4.042507
4.583878
3.244222
3.693366
3.881013
4.129847
3.328860
2.815567
3.948437
3.218388
3.884235
3.827111
2.934637
3.243388
2.985895
3.762159
2.928842
4.278041
4.201337
3.420539
3.031700
3.556970
3.281096
3.305046
3.724076
3.032135
2.250912
3.211319
2.182768
2.968682
3.445525
3.282715
4.482404
4.155215
4.600962
3.284999
3.445473
4.017133
1.990549
4.008873
3.563379
2.278430
3.980513
3.808467
4.163167
4.288683
3.657260
4.208954
3.713170
2.540712
4.380201
4.216941
4.349690
3.400779
2.384487
3.071392
4.197536
4.063389
3.576245
3.330549
3.025696
3.337881
4.139294
3.692253
4.502409
4.806777
3.583999
2.888231
1.976071
3.253501
3.827085
3.928410
3.755841
4.175002
2.957337
2.795804
2.050192
4.086843
3.531118
4.072119
3.892264
2.988184
4.189451
3.227709
3.830746
4.253010
3.588289
2.616191
3.959501
3.318286
4.086756
3.951747
2.544982
3.357988
4.115668
3.558200
3.618678
3.590014
3.699114
3.664550
2.924341
2.899892
3.105987
4.096676
4.159488
3.178802
3.812883
3.211175
4.031877
3.839203
3.003846
3.638050
3.648046
3.434384
3.480363
2.427100
4.544737
3.912275
3.958828
3.905557
3.948762
3.710668
3.618078
2.766652
4.786104
4.046631
3.178375
3.773734
2.964203
3.280494
4.068865
4.522991
4.478545
4.336090
3.835348
3.484097
3.574541
3.645160
3.643087
3.929158
2.874750
3.696712
4.422685
3.879897
2.876799
3.507692
4.246709
2.355919
3.967964
3.822233
1.788272
4.151260
4.036746
3.400134
3.281716
2.692882
3.905298
4.196632
2.961445
3.743082
2.307093
2.780859
1.694217
3.572304
3.329523
3.335552
3.932878
4.510444
4.042575
3.948223
2.941386
4.081916
3.396903
3.595761
1.802845
3.183999
3.660004
2.757061
2.924824
4.054391
3.514745
3.953449
4.244606
4.117312
2.921168
3.369463
4.378875
4.183753
4.145722
3.173586
3.231087
3.508137
3.864730
2.794810
3.148429
3.998734
3.309800
2.911137
4.225965
2.356111
3.736894
4.262949
3.880690
3.288379
2.628661
4.005359
3.117934
3.829518
3.658492
3.641703
2.639288
4.170695
4.237198
3.480715
3.340724
3.874507
3.066604
3.334438
3.784471
2.456341
4.254712
2.622575
3.338131
3.451314
3.169317
3.865337
3.371668
4.487434
2.795668
2.380857
2.640658
3.557771
3.367457
4.431988
2.554159
3.692725
3.013183
3.129203
3.523976
3.449975
4.625861
4.209806
3.414649
3.986712
3.264007
2.811611
3.640002
3.273601
4.084938
4.197323
3.826371
2.858653
1.597481
3.391021
4.156369
3.683908
3.812820
2.085069
3.340099
3.112329
3.160472
3.685612
4.416430
2.511767
3.871665
4.285496
3.413381
3.167013
3.446805
2.731690
3.373213
3.744581
3.341425
2.611841
4.083032
3.669634
3.308463
3.974982
3.624893
2.902040
3.891032
4.081524
2.974895
3.563630
3.226556
3.707780
2.626826
3.427412
3.339043
3.293347
3.219204
3.080315
3.993358
3.007959
3.350627
4.094342
4.278987
3.483506
3.347581
4.042396
2.384323
3.628999
4.078944
3.194872
4.115427
3.593777
2.836575
3.058288
4.500663
2.953063
3.978007
3.653568
4.709184
3.456155
2.958334
3.374263
3.403495
4.093671
3.594104
3.690985
4.422621
3.703856
3.830704
2.168202
2.921102
3.535825
3.837915
3.948917
2.584527
3.682646
3.457898
3.274292
3.866304
3.924216
2.688039
2.545272
3.194549
2.898154
3.496019
3.154261
3.936837
3.721053
3.177673
3.718176
3.906859
3.587358
4.430370
4.183554
3.380801
4.014750
2.411588
1.739759
4.090776
3.327117
3.142314
4.292100
3.354296
3.616667
3.555463
3.471245
3.450933
4.010049
2.934986
4.190562
3.682742
3.456100
3.684369
3.578431
3.947474
3.685627
4.039465
3.871608
3.944266
2.850516
3.244712
4.282201
3.178711
3.647252
4.146612
2.997366
3.895334
3.396255
3.781906
2.907715
2.538167
3.291085
4.583561
4.758816
2.973710
3.801560
3.186542
3.328052
1.716581
3.667174
3.061165
3.631189
3.070689
2.628275
4.124358
3.839785
3.875304
3.523059
3.891985
3.355787
3.689752
4.189699
2.365724
3.340750
3.699529
4.528316
3.933493
4.706574
2.937857
2.812276
2.825740
4.233320
2.594037
3.181121
2.924054
3.318395
4.110566
3.301780
4.249651
2.997736
3.910579
3.090655
3.087497
3.424020
4.185544
3.725906
4.082050
3.225011
2.854676
4.039799
4.329384
3.589382
3.082332
2.969324
4.411155
3.614624
3.482786
4.018024
3.298078
3.072020
3.727859
4.014927
3.529401
3.557924
3.260388
3.690189
2.967451
4.362502
3.935645
4.164116
3.902087
3.406915
4.399670
3.726774
3.464277
3.881801
2.732340
4.022320
3.842051
3.639310
2.876995
3.413666
3.112812
3.775034
3.638651
3.491848
4.143348
3.896687
3.804283
4.689322
3.964210
3.150025
4.036878
3.121143
2.334030
4.017352
3.288423
3.627388
3.776494
3.196322
4.082473
2.862367
4.176436
3.492391
3.705731
3.452805
3.475119
3.732794
3.534737
3.933281
3.081560
3.843249
3.134890
3.180434
3.552610
4.177558
3.020991
2.589548
3.101599
3.957737
4.308632
3.326013
3.521711
3.109459
3.824727
4.268297
2.848862
3.032987
3.925381
4.346203
3.610891
3.838835
4.327398
3.914375
3.675833
3.908812
2.726505
1.000000
3.561383
3.904182
4.282450
3.554328
3.652189
3.387377
3.280061
3.923119
3.641827
4.424658
4.069123
3.829943
2.857200
2.811750
3.869488
4.354789
3.050800
4.144035
3.582757
3.959881
2.375455
3.324992
3.279897
3.402511
3.394368
1.254082
3.907249
2.414341
4.172624
1.145901
1.506767
4.277527
4.319091
4.013434
1.652597
3.097868
4.300550
1.075092
2.973073
3.773832
3.061064
4.063620
4.294456
3.063426
3.913684
4.280944
3.874944
3.436375
2.788619
4.720840
2.158122
3.303128
3.947254
4.295746
4.141184
3.776753
4.067273
3.943501
3.824106
3.737014
3.409940
4.638634
3.265062
4.008660
3.108562
3.612127
2.857226
3.690155
3.265641
3.240750
3.896581
3.368966
3.639837
3.727649
2.722394
4.040725
4.685692
3.530554
3.342228
4.201321
3.939417
2.335111
3.230514
3.944369
3.271920
3.624311
3.798120
3.811397
3.924154
3.330455
3.478460
3.703596
3.970075
3.209043
4.068475
4.073240
3.070831
4.307114
1.967358
3.327661
2.391389
3.170089
3.866760
4.284487
3.643675
3.154400
4.269180
3.400949
3.998029
2.935560
3.877128
4.253364
2.367234
3.444769
3.330137
3.674784
3.705079
3.809103
3.028804
3.411758
3.952336
3.895941
3.190502
3.760221
2.713900
4.379785
3.182261
2.551598
3.770311
3.961668
3.025564
3.130255
2.936562
3.189714
4.096497
2.746057
4.503825
4.036325
3.918074
3.940626
2.952836
3.469983
3.665348
3.761790
3.564459
3.324786
2.368399
3.599081
2.614502
3.875222
3.792196
3.494075
3.255963
3.512119
2.291612
3.740303
3.775329
4.009352
3.516943
3.559803
3.344459
1.857493
2.560816
3.005397
3.588672
2.857026
3.774667
2.905647
3.943066
4.096021
3.453567
3.586231
3.575495
4.297608
2.473291
3.690380
2.760547
3.993911
3.173875
3.625489
3.120254
3.934929
3.165588
3.971183
3.014915
3.509524
3.695385
3.851876
3.812289
3.723858
2.778782
2.768421
2.807139
3.103986
3.205775
1.650813
4.505359
3.497521
2.903276
3.648185
3.536294
3.592363
4.101439
2.274818
3.241511
3.909948
4.036597
3.305050
3.796842
3.939464
3.481218
3.433016
3.041164
4.434264
4.073009
4.020567
4.942339
2.259585
3.235544
3.948514
3.607420
3.568037
3.466773
3.580008
4.464617
3.178286
4.026887
2.216645
4.786205
3.217604
2.474899
3.198563
3.107518
3.852047
3.704958
3.496385
3.640205
4.046428
1.996177
3.118741
4.236883
4.026670
3.835711
4.086632
3.809296
2.971084
4.214435
3.183538
3.806531
2.812221
4.291290
2.961934
2.961607
3.170433
3.133720
3.706536
3.543549
3.739395
3.687786
3.005869
4.068168
3.313874
2.881662
4.510350
3.323422
3.618668
3.652420
2.860087
3.380547
2.014684
3.927968
4.532133
3.453762
2.797063
3.644223
2.672055
2.716710
3.115938
3.958119
3.837260
4.323066
2.616592
3.835496
4.317598
2.376070
3.809352
1.893429
4.031573
3.554876
2.034261
3.601395
2.967138
4.163696
4.065418
3.839519
3.073881
2.363245
2.930490
2.868223
3.045848
4.158803
2.128125
4.248554
2.622528
2.940618
3.293073
4.348818
2.329237
3.965089
3.551111
2.916229
2.546519
3.722853
3.925568
3.183427
4.227332
3.593275
4.218007
3.728729
3.190131
3.428464
3.852552
3.863240
2.187580
4.089803
3.222999
4.037212
4.146763
2.956472
3.724656
4.372388
3.671473
3.303361
3.917456
3.849257
4.439587
3.396322
2.515919
4.498864
3.168127
4.248378
4.607485
3.159503
3.716954
2.299460
2.743881
3.216653
3.537473
3.446233
2.473545
3.461286
3.828346
3.741210
1.986854
3.639033
3.035527
3.385144
3.788146
4.141421
4.310804
3.497348
2.478751
4.322408
3.885204
3.014192
3.306034
3.169854
3.895836
4.211596
3.305116
3.336474
3.665650
3.213939
3.694765
3.626837
3.272181
3.090502
3.338956
4.294997
4.085959
3.242811
4.039041
3.253158
2.404451
3.807251
3.071363
3.329520
4.284677
2.441808
4.268760
3.996988
3.870454
3.200044
3.646305
3.832607
3.184479
3.336229
4.463901
3.191655
3.191183
3.087111
2.636082
3.938660
4.088228
3.874986
2.377451
3.431000
4.505624
3.976732
4.562225
4.153498
4.589395
3.555706
4.038378
3.797427
4.332630
2.523208
3.393307
3.765577
4.424691
2.971595
3.320489
1.842724
4.309418
4.140094
4.665379
2.107424
3.146823
3.439129
1.748358
4.413547
4.042545
3.952902
3.669728
2.188482
4.397113
4.375696
2.889169
3.508880
1.702238
3.821710
3.562631
2.955541
3.463218
3.678059
4.130843
4.144011
3.758602
4.866961
3.416958
1.322948
1.817645
3.584566
2.329181
4.353169
4.736483
2.711102
3.896395
3.807508
3.270425
3.555121
3.698264
4.723808
3.992423
3.607615
3.856798
3.314163
3.167128
2.812915
3.280961
4.459612
3.424643
3.036551
3.786374
3.745167
3.648602
3.074468
3.286631
3.836651
1.705393
1.667135
3.818000
2.996596
3.585197
3.526049
3.453352
2.685094
3.356563
2.552046
2.826694
4.068632
3.879644
4.103419
4.010781
3.114395
3.775272
3.578804
3.307232
4.588008
3.127109
2.613257
3.468408
2.990387
4.446944
4.164187
3.254851
3.335733
2.930823
4.063800
3.223135
4.165692
3.944766
3.593806
3.672517
3.092512
3.585701
3.986478
4.037661
3.835366
3.788732
4.042896
3.047335
3.628495
4.543238
2.542321
3.303965
4.288272
3.385660
2.780073
3.427713
3.340956
3.737539
2.751862
3.319562
3.898373
2.131544
3.458631
3.158020
3.705733
3.641435
5.000000
3.842950
4.157553
3.201419
4.081675
4.201015
3.254252
3.300372
3.968208
3.594842
3.863817
3.551849
4.189326
4.330062
3.563713
4.138570
3.156676
4.206456
3.259951
2.458875
3.937009
4.112902
3.325108
4.251253
4.222737
4.136411
3.342557
4.212111
3.840057
3.025351
4.231163
3.500472
3.679886
3.413906
3.702881
2.799452
2.116043
4.479717
3.478234
3.740224
3.406962
3.272324
3.333276
2.308009
4.465360
3.936985
4.117368
2.909907
2.987726
3.346705
3.885062
3.391783
4.397583
4.302529
3.732514
3.672957
2.984455
2.832404
2.136706
3.672387
3.716007
3.478334
3.308913
3.300489
2.630623
2.767478
2.812030
4.098110
3.689105
3.017332
3.940073
3.194368
3.826093
1.922344
4.565256
2.619877
3.959083
3.083997
3.420168
3.514032
4.008965
2.286425
3.696594
3.237856
3.769088
4.361570
3.777258
2.727726
4.191819
3.550127
3.397166
3.719867
3.248931
4.742193
3.024810
2.761674
3.571327
3.455914
4.242968
2.651249
3.738052
2.405175
2.669736
3.482939
3.627595
3.831586
3.212581
3.627368
4.237262
3.678341
3.413683
2.809917
3.174338
3.671838
4.133745
4.698165
3.376770
3.268793
3.591028
2.882623
3.194305
2.244674
3.438047
2.748305
2.990859
2.845223
3.199513
3.570779
2.654913
1.776001
3.187753
3.516586
3.599821
3.467361
2.104308
4.127726
4.788128
2.828767
3.945878
2.406747
3.343850
3.551877
4.120465
3.616526
2.604061
3.073109
3.587777
4.152304
3.960209
3.841730
4.081608
3.404338
2.559189
3.003237
4.161790
2.914546
3.352314
3.664811
4.665040
4.682903
4.651855
3.336450
3.487963
4.018858
3.109395
2.997731
3.762435
3.483637
3.933758
2.589929
3.306013
3.268939
3.907791
3.419577
3.944029
3.037173
4.417505
4.008174
3.941858
2.634406
1.637771
3.710227
3.236474
3.354752
4.045137
3.205400
4.013967
3.649577
3.111579
2.552403
4.001671
3.913561
3.261705
3.369118
4.407821
3.066075
3.234037
2.978230
2.921461
2.391841
4.068999
3.268786
3.714611
2.934618
3.589608
4.293550
4.329906
2.651834
3.419575
2.549906
3.761726
4.158683
3.232565
4.343760
2.861133
2.896369
4.431550
2.811782
3.752058
3.757223
3.844851
3.918074
4.143339
3.671758
4.421890
3.153938
3.547712
4.158142
3.710834
3.779566
4.113822
3.629620
3.891276
4.479877
3.673582
3.648576
3.788984
4.081548
4.250966
3.502245
3.458782
2.818274
2.790705
3.611401
3.489394
3.282721
3.803412
3.689444
3.699888
3.108209
2.200938
3.941939
3.387050
4.247777
2.779392
4.599268
3.610259
4.052338
3.942096
3.033578
2.512029
3.189114
3.420800
2.481340
3.994021
2.310786
4.402354
3.225597
3.314018
3.269520
3.813662
4.061852
2.608293
3.563393
3.489430
3.815270
3.901880
3.867150
3.050083
3.709712
3.661189
2.647822
3.187535
2.975347
2.803067
3.135656
3.579183
3.527872
4.708763
3.885995
3.669989
3.689395
3.854951
3.205764
3.178891
3.938000
3.425420
3.721835
3.090446
3.202021
4.395562
4.099484
2.505741
4.196704
3.764697
4.321913
3.997345
3.617608
2.818690
3.508690
3.867502
4.247267
4.171728
4.264455
3.662390
3.854314
1.551498
4.041639
4.125795
3.908720
3.136097
4.043901
3.535216
4.387823
3.141352
3.160768
3.366715
4.353203
4.410065
2.750882
4.234878
3.524434
3.931814
3.584385
4.093211
3.918545
3.415142
3.046214
4.258105
3.486839
2.805313
4.368638
4.199965
3.022950
4.158265
4.124610
3.781039
3.490404
3.532619
4.142762
4.333723
3.267931
3.849878
4.340615
3.074594
3.534268
2.606838
2.353796
3.879751
3.865238
3.525041
3.217430
3.132563
4.008899
3.549300
3.540403
3.289237
4.321427
3.581645
2.418772
3.449241
3.820307
4.336391
3.276211
4.602663
3.073526
3.522700
3.429374
3.336750
3.453272
2.106434
3.590978
1.956151
4.209489
3.631083
2.971216
3.678173
4.182274
3.786526
3.280581
4.221286
4.283547
3.112799
3.371994
3.273552
2.666843
4.379235
3.106412
4.193258
2.595151
4.623558
3.659877
2.096403
3.328377
3.473191
3.406462
3.145295
3.344568
4.420887
3.243522
3.504286
3.298058
3.315079
3.743670
4.149061
3.137178
4.418957
4.473199
3.881224
2.542279
4.285708
4.161283
3.527024
3.248306
4.106839
4.072084
3.523151
4.054512
4.171076
3.365174
3.912293
2.553085
3.187671
2.187287
4.326278
3.410948
4.625942
3.813863
3.320219
2.995511
4.124741
4.070085
4.212454
3.672929
4.023066
3.741795
3.574843
4.110098
3.690985
1.615440
3.677610
3.047011
4.430049
3.518636
4.207584
2.952588
3.384853
3.542559
4.271759
3.288207
4.200282
3.534572
3.057268
3.458650
2.744127
3.581613
3.437519
3.293027
3.894076
4.196373
2.637020
2.896610
3.331081
3.664059
3.483343
3.108236
3.605793
2.806309
2.684704
3.403632
3.056801
3.923684
2.914841
3.054578
2.836977
3.514620
3.439973
2.947151
2.528785
3.529778
3.806513
4.160031
3.193780
3.885661
1.489535
4.375416
3.574696
3.817774
3.312329
2.632649
3.453713
4.082713
3.094854
3.268462
3.376786
3.375112
3.920858
2.833147
3.617624
2.953554
3.810112
3.289856
3.277462
4.180262
3.687574
3.868620
3.192878
4.111548
4.082727
4.450705
4.004142
3.256138
3.174941
3.953280
4.752748
2.511722
4.040325
3.675780
2.814329
3.763435
4.298060
3.564434
3.654952
3.556627
3.054904
3.439349
3.526593
2.216099
3.509402
3.707139
2.551030
3.935957
3.764820
3.220703
3.622587
3.410504
2.924825
3.137135
4.289661
3.164620
3.676911
3.144030
3.225944
2.936057
4.103549
3.743079
4.711582
2.531303
3.178941
3.357624
4.367444
3.592642
3.613937
3.938688
4.014177
3.770472
3.838160
3.284177
3.806975
4.548176
3.359566
3.734133
2.774372
3.267978
4.056403
2.743969
3.822993
3.500380
3.602627
4.172682
3.020447
4.237705
4.434886
4.510667
3.478084
3.649134
3.715435
4.097295
3.260656
4.224736
3.850905
3.593468
3.293566
2.291016
3.882654
3.661031
3.825676
3.144418
3.638845
2.540810
3.730587
3.714736
4.048261
4.958768
3.911485
3.038376
2.911498
3.643299
3.682993
3.779719
3.499764
3.217403
2.816822
4.347178
2.501446
3.394564
2.879953
3.523179
4.062184
3.968469
3.804810
3.673166
3.854523
4.001122
3.957543
3.588244
3.952661
3.801106
3.020106
3.715127
3.878495
3.547597
3.005267
3.386009
4.146206
3.530356
3.692361
3.008129
3.429892
3.083546
3.866253
2.728443
2.757019
4.270604
3.781893
4.491226
3.472382
3.292907
4.654034
4.568031
3.642394
3.112485
3.275813
2.335959
4.141828
3.803160
3.907785
4.293035
4.479603
4.324278
3.309886
3.838767
3.890651
4.302499
3.618964
2.548842
4.048725
2.383885
4.014822
2.327969
2.695369
3.135191
3.051240
4.504411
4.508608
3.380340
3.235103
3.506172
4.171267
4.424948
4.109980
4.039394
2.661569
3.749013
3.147485
3.768418
3.540653
4.075335
3.757088
3.632303
2.913350
3.144522
2.307857
3.837587
4.615541
2.881360
3.615542
2.541281
3.987193
2.793013
3.639255
4.280139
4.177808
3.741161
2.635945
2.371367
3.452662
2.959488
3.150583
3.678556
3.649227
2.948425
3.675893
3.581626
2.904066
2.867268
3.161897
2.953231
4.245745
3.070744
3.203189
4.231751
3.269404
3.948687
2.879923
3.241431
3.186305
3.659531
4.395049
3.904242
2.363514
3.990288
4.039750
4.359619
4.235121
3.218716
3.636802
3.646020
2.393779
3.231905
3.802208
4.190985
3.860278
2.869515
1.919254
3.814533
3.001394
3.355023
3.100270
2.430285
3.841642
3.858431
4.560630
3.630023
4.117524
3.311932
3.141822
3.281561
2.892865
3.315013
1.376594
4.141785
2.805491
3.073016
2.916109
3.615275
4.287833
3.555365
4.011054
3.080769
4.068031
4.877233
3.277718
4.020925
3.455958
4.326752
3.445951
4.074455
3.670849
3.518179
4.046441
3.863816
3.212909
3.658916
3.599007
4.102743
4.568887
2.051346
3.079519
4.312676
4.032676
3.340880
3.492894
2.930629
1.709278
2.913213
2.899583
3.046148
4.025827
3.305938
4.043087
3.420163
3.991038
3.039666
3.896208
2.945708
3.201798
3.604932
3.843349
2.775407
3.793702
3.525610
3.455606
2.945701
4.174750
3.256339
3.656444
4.073823
3.178432
3.997001
3.847606
1.932134
3.529303
2.996400
3.422194
3.897234
3.274364
3.899036
3.580139
2.849995
3.900692
3.739160
4.317198
3.328859
4.097476
4.026413
4.239638
4.156988
3.733370
3.702386
4.261307
2.053210
4.427947
2.702991
1.893170
3.068175
2.283372
3.326647
3.608076
3.942451
4.068186
3.005663
3.456282
2.646039
3.297848
2.771896
3.664119
2.652224
4.193101
2.284213
3.209818
2.826428
3.612272
2.782333
4.150823
3.517394
4.619852
3.919446
3.375999
4.604731
3.172917
3.170403
4.644527
3.502543
2.494221
4.086681
3.734066
3.092380
3.728022
4.062447
3.371892
4.082644
2.948514
2.913597
3.015443
4.252646
3.916654
3.298584
4.559301
2.644903
3.484013
3.202533
3.388316
3.101142
4.279389
4.452762
3.509716
3.966263
3.519226
4.594725
3.506879
3.500749
3.905070
3.008203
3.408119
3.470568
4.576141
4.082492
3.375303
3.824287
3.922649
3.346711
3.902465
3.435614
3.314025
3.850402
3.293122
3.917655
3.943717
3.130393
3.059117
3.917160
3.404073
3.959257
3.088319
3.552926
4.145671
4.035879
3.999492
3.656959
3.536330
4.009403
3.633651
3.540308
3.637210
1.765758
3.507059
3.727647
4.518521
3.220743
4.034435
2.536042
3.801427
3.140808
4.396554
3.775819
3.732253
4.146475
2.688987
3.145869
3.092861
3.593081
5.000000
2.700473
2.067237
4.177121
3.600019
3.327310
3.374231
1.706554
3.340721
3.687684
3.537931
4.084975
2.493779
3.922841
4.093997
3.313448
3.582621
3.884778
4.180366
2.909377
3.294061
2.590316
3.916752
4.474945
3.227808
3.960540
2.036279
3.018004
4.600019
3.871765
3.474129
3.809526
2.896257
4.459022
3.471993
4.008961
3.176716
2.388875
4.995138
3.718223
2.099120
4.045592
3.871207
3.571819
4.341081
3.391097
4.608049
2.642349
3.693835
3.215355
4.130687
2.610897
3.931648
2.264158
3.650086
3.211852
3.214011
3.885635
4.350431
3.922945
4.311244
3.138964
4.170275
3.003460
4.157732
4.136936
2.936670
4.667367
3.869116
3.289148
3.503388
4.075294
3.268795
4.277832
2.551639
4.627839
3.963099
3.607527
4.105231
3.226020
3.661760
4.181702
2.184449
2.495711
4.383253
3.428850
2.962334
3.390595
3.449890
3.273566
3.711431
4.074992
2.439182
3.231928
3.627426
3.741882
3.643758
3.847877
3.816848
4.379464
3.589111
3.723577
3.901728
4.314013
3.290736
3.825857
2.750728
3.697919
2.894820
2.742310
4.519060
3.008309
3.852362
2.977502
2.301903
3.451296
3.573951
4.114251
4.253069
2.278563
2.899190
4.168730
4.089615
3.746605
4.101693
3.201438
4.283373
2.823887
4.502201
2.754404
3.243728
3.713548
4.144456
4.109555
3.029436
4.684368
3.556730
3.770828
4.526083
3.580965
3.119699
3.045578
3.317864
4.185849
3.001522
3.642901
3.550740
2.997284
4.264350
1.898251
3.116063
3.067115
4.373301
4.081804
4.209307
2.828527
3.156004
3.558190
3.107957
4.004520
3.649770
4.205186
3.850117
4.175059
3.708977
3.941275
4.262266
4.647018
3.289217
4.160305
3.414599
4.328478
3.416149
3.527296
4.742630
3.179328
3.252075
3.432339
4.235806
3.737964
2.635002
2.485318
3.843220
3.462096
4.423746
2.340825
3.841288
2.235756
3.684945
2.200800
3.920559
3.634721
4.073017
3.709881
4.186142
4.507552
2.874359
3.597603
1.821021
4.380842
2.468959
4.232184
4.247238
4.032468
4.167653
3.970883
4.137044
2.944983
3.646530
3.998267
4.191401
3.162052
3.556707
4.663383
3.210334
2.589251
4.078695
3.416418
3.567274
3.596092
3.695161
2.305872
2.658415
3.095890
4.161734
4.343547
4.487852
4.120344
4.232323
3.566162
3.836239
3.002370
4.369515
4.324336
3.641081
4.079806
3.668946
2.334421
4.954844
3.805696
3.306633
2.836012
3.026467
3.238306
4.137199
3.498914
4.069470
3.188993
3.398705
4.513039
4.019646
2.812580
4.144799
3.819628
3.232395
3.437192
3.050803
3.125710
3.197743
3.689114
2.335439
3.939748
2.997246
3.095047
3.117893
4.121436
1.479869
3.657392
3.409548
3.386172
2.882259
2.300697
3.638297
2.667518
4.045263
2.698873
4.719526
3.468573
3.827107
3.846535
3.413914
3.930512
3.937108
3.614821
2.911568
3.902545
3.408807
3.641848
4.024659
3.450346
3.311525
3.354412
3.588498
3.020728
2.555688
2.685281
3.202682
4.439978
3.609092
2.730460
3.391797
3.127171
3.615311
3.306578
3.912610
3.432379
3.119372
3.111973
3.232809
4.153858
3.937962
3.244360
3.902103
3.950015
1.758955
3.277784
4.322947
3.823406
4.127831
2.467649
4.604258
2.601031
3.856175
2.910986
4.138533
4.187436
2.253211
3.096009
3.661380
4.695982
2.887291
3.719270
3.617839
3.927096
4.038159
3.206848
2.861889
3.111934
3.261920
3.301222
2.968454
2.584293
3.973090
3.671025
3.724583
3.078911
3.293122
3.505516
3.598102
2.714396
4.676100
2.440046
4.050721
3.274614
1.769432
2.865297
4.041320
4.082414
3.627148
4.347310
2.378829
3.374577
2.750524
3.670334
3.895903
3.056503
3.524316
3.216564
4.254314
3.788322
3.820914
3.381660
4.253942
4.194625
4.237339
3.362754
3.948611
3.499449
3.618411
3.819498
3.216135
3.494531
2.577783
3.693666
4.198261
3.058244
3.760055
3.481982
3.717208
3.233394
3.062664
3.946004
4.045936
3.696537
3.542604
3.987268
4.135711
3.924629
3.298629
3.466237
3.506456
1.853397
4.855252
2.071382
2.677227
4.095789
3.547992
4.079193
2.090131
1.740068
3.297564
3.771177
1.940473
3.701349
3.912037
3.666440
3.647926
3.811969
2.662467
3.566399
4.514650
4.382072
4.072287
2.436894
3.533792
3.450191
2.969917
3.530900
3.742231
4.182933
4.202746
2.881147
3.581723
2.784607
4.104940
4.680523
3.542365
3.762173
4.159626
4.603075
3.744418
4.066839
2.839469
3.858660
3.502829
3.256909
3.259176
3.068397
4.606014
4.009126
3.531470
1.773879
2.857916
3.754804
3.205607
2.819631
3.769196
2.967598
3.462461
3.110626
3.430868
3.613199
4.361149
3.520863
3.325176
4.086699
3.108468
3.626412
4.389421
3.710606
4.050816
3.311918
4.032326
3.689347
4.053778
3.899643
3.305553
3.095648
4.040126
3.256977
2.303980
4.506514
4.301304
3.397022
3.257072
3.182587
4.921927
4.055984
2.075888
4.092939
3.265243
2.729635
3.871350
4.619859
3.927747
4.079699
2.577932
3.890908
3.211206
1.904490
4.069641
4.068107
3.549499
3.965035
3.318565
4.072094
3.536362
4.121014
2.764255
2.663709
3.660472
2.775150
3.475601
2.954575
3.404904
3.545504
3.557973
3.824445
4.355181
2.927416
3.371711
3.455669
4.768375
3.311253
3.468686
3.185390
2.137922
3.051326
3.431353
3.662175
4.009059
3.781378
4.221222
3.400170
2.580532
2.998343
4.115071
3.673124
2.835348
4.073490
1.810450
4.739982
2.939617
4.173754
3.853497
3.359852
3.020027
2.443828
3.543219
2.621070
4.077578
4.069012
3.729783
3.034269
4.550815
3.970051
3.471186
4.206756
4.083118
2.305328
3.870172
3.268969
3.673018
4.159063
3.554350
3.506301
4.345230
4.277665
3.368689
3.656748
2.537215
2.673606
3.851954
3.991519
3.827338
3.097712
3.619960
3.696026
4.472728
2.809601
2.688959
3.722578
3.462955
3.236948
3.618932
2.673519
2.503756
2.463686
2.757146
4.155300
3.550545
2.912376
3.855449
3.327115
4.072520
3.456203
4.368921
3.522460
4.341985
3.844067
2.737948
4.102138
2.475858
3.551366
3.737763
3.858375
2.764455
2.303454
2.363242
3.321791
3.767818
4.247458
4.283781
3.493796
4.000936
3.984315
3.063604
3.864409
3.223037
3.893682
4.098407
3.856540
3.005386
3.606301
3.865458
3.271656
4.242633
3.093000
3.893208
2.766504
3.831533
3.732773
2.454473
3.447411
4.561571
3.876614
2.051355
3.827061
3.504749
2.598261
3.344993
3.511088
3.547957
3.834840
3.806916
4.266645
4.322080
3.884204
3.524560
3.658822
3.793902
3.447057
3.064254
4.185553
2.837371
3.926090
3.673211
2.402373
3.184268
3.192832
3.357850
2.808185
3.557700
2.735573
2.890413
3.858712
3.319923
3.178817
4.148549
3.665968
3.887242
4.780110
3.963255
3.758133
3.169633
3.481003
3.891596
4.381604
3.923089
4.357445
2.972246
4.198628
4.376480
2.766465
3.989547
2.738437
2.938185
4.164897
4.868155
4.034460
3.603751
3.503580
3.105275
3.538716
3.709210
3.651254
4.140969
3.550451
3.679073
3.736615
4.290490
3.360009
3.502797
3.739822
3.491290
4.113434
4.032479
3.474324
3.567117
3.649688
2.777490
2.710263
3.806041
4.101244
4.116975
3.685543
3.828626
4.049349
3.876985
2.578041
3.870500
2.650162
3.805911
3.138780
2.935242
2.735797
3.431081
3.383325
3.757097
3.667188
3.637110
3.763393
2.722810
3.972249
3.865860
3.035537
3.715831
2.911307
2.637961
3.877480
3.682469
3.730408
3.402363
3.542078
3.822486
3.676175
4.710198
4.075871
3.978506
3.484407
3.130136
4.084934
2.886217
4.039888
3.548072
3.592918
3.266678
3.948312
4.309061
2.790958
2.617112
3.594653
3.859817
3.386367
3.573230
4.193549
4.040949
4.025053
3.621779
4.044807
3.962681
3.618283
1.894480
3.345661
3.771293
3.792927
2.251224
3.906650
3.662457
3.273309
2.931389
4.240691
3.969310
3.739093
3.727286
2.861621
2.874243
3.245750
4.395634
3.634082
4.745225
2.742523
3.763713
1.701142
3.054657
4.284995
2.444978
3.993447
3.914449
3.656503
3.575996
1.582432
2.940034
4.462409
3.991758
3.342831
3.837056
2.535827
3.807483
3.990163
3.211540
4.090633
4.047730
4.779424
2.326619
3.896019
3.113981
3.930154
3.844701
4.101725
3.582586
3.371522
3.808433
2.172403
3.010309
3.909278
3.103798
3.940364
3.358657
3.972263
2.904292
4.243576
3.239678
4.276831
2.148302
3.068412
3.662962
2.855200
4.154510
3.351649
2.981751
3.544543
4.123645
4.049540
4.118658
2.811603
2.565883
3.983658
2.288182
3.415388
3.559799
3.343528
3.581996
3.621896
2.423406
3.309111
3.003303
2.898032
2.387371
3.746312
2.245254
3.732855
3.768183
3.863785
4.445479
4.576928
3.457363
3.745999
4.111634
3.431723
3.538268
3.603617
3.446506
4.246819
2.745880
3.955965
3.555790
3.672302
4.844432
3.096584
3.168630
3.409137
4.032642
2.648754
3.470899
2.917321
2.919066
2.204555
2.238918
3.872639
3.884725
3.633189
4.099110
3.660095
3.973973
2.754127
3.996482
4.117386
3.357239
3.812612
2.817912
4.240538
3.867111
3.233235
3.465440
3.989144
4.401426
3.345975
3.524243
3.102572
4.293390
4.148569
3.602633
3.652052
3.350401
4.222900
3.635199
3.466804
3.269242
3.712098
3.910364
3.684244
3.600558
3.106998
4.604363
2.627897
2.440780
3.532589
3.695120
3.972438
3.628875
1.835771
1.491882
3.942355
3.026906
4.059650
3.046942
3.257975
2.803827
3.373968
3.397118
3.316639
4.506572
3.480511
3.326019
4.254269
3.909847
2.723481
4.392540
4.020922
3.636673
3.630182
3.835606
3.575680
3.045728
4.225191
3.182061
4.152151
3.480860
3.501633
3.578335
2.567021
4.176344
3.594234
3.860493
3.477995
3.214635
4.754794
3.758518
3.900979
3.058957
3.224628
3.693217
3.282936
3.978845
3.063904
3.585165
1.933407
3.475424
3.357481
3.485006
4.317293
2.845026
3.073014
4.628279
3.459579
3.568400
2.316252
3.642454
2.984155
4.188012
3.302448
3.552831
3.436610
3.492542
3.854406
4.616267
3.472636
3.989024
3.351342
3.793716
2.850523
3.442695
2.861912
4.219800
4.317836
2.942703
3.325433
3.747908
3.346317
2.057927
3.037529
3.608640
2.948319
3.298642
3.901418
4.191435
3.114785
2.846203
3.640990
3.820960
2.794532
4.944615
2.987445
3.390284
3.761626
2.272070
4.666732
3.543124
3.905113
4.546536
3.886904
2.536072
4.265299
2.718759
3.698240
4.207340
4.021192
2.868885
3.230205
3.573390
4.066301
4.176760
2.682583
3.990248
3.843372
4.037410
2.800412
3.282420
4.273430
3.679026
2.706304
4.616792
3.576160
3.573242
4.004754
3.321305
4.187433
2.478911
2.938111
3.960856
3.682128
3.808646
3.293418
3.206177
4.037241
3.356634
3.487249
1.860994
3.372088
4.165766
3.674810
3.298775
4.334271
4.731856
4.222932
3.290017
3.472972
3.755030
4.168651
3.729057
1.744490
3.310573
2.619821
2.364450
3.303746
3.773525
4.119542
3.367272
3.909782
3.878392
2.111540
3.782640
2.608306
3.491846
3.391420
3.452900
4.148045
3.501978
3.356742
3.777006
3.368202
3.819007
3.632062
3.613380
2.483571
4.486977
4.055567
3.847966
3.770097
3.232059
3.563960
3.791438
2.038800
3.509512
3.945715
1.406535
3.543830
3.282507
3.924796
3.713943
3.593312
3.620553
3.922452
3.653568
2.542054
3.948929
4.370374
3.857845
4.029916
2.607709
3.425157
4.124328
2.929975
4.567709
3.321906
4.115444
3.500138
3.546173
3.328226
4.375412
3.114225
3.834873
3.752058
4.650228
2.356848
4.317209
3.894302
3.893866
3.256452
4.179952
3.262014
3.581845
3.349291
3.867596
3.599410
3.704170
3.343250
2.872226
3.033744
4.134083
3.083278
3.019354
3.552365
3.911663
3.868008
3.493394
4.358739
3.673197
2.371399
4.465673
3.782026
3.700970
3.643250
3.537709
4.327815
4.802840
3.783725
4.421759
2.868644
4.346017
3.571070
2.158950
4.298140
3.352897
3.088035
2.650019
4.471730
3.786936
3.290549
4.452509
3.750788
3.416253
3.057515
2.999253
3.475482
2.800768
4.133763
4.325203
3.894213
3.375803
3.372554
3.606207
4.395827
3.776232
3.249083
3.679533
3.599302
3.150694
3.648870
3.612560
3.990992
2.780701
4.297321
3.210631
2.932258
3.574628
3.984667
3.620130
3.155340
3.348718
3.999761
2.462617
2.710095
3.315863
4.259071
3.835143
2.140672
4.070745
4.058242
4.582176
4.240260
3.716588
4.018575
4.264923
4.137765
3.710324
3.905953
3.523255
4.198571
3.097201
3.692821
4.249566
2.785359
3.965936
2.889792
3.612146
3.170788
3.973026
3.666128
4.331641
2.461979
2.270599
3.297024
3.557777
3.873099
3.821758
3.362478
3.579462
4.131814
3.844457
3.403880
4.345960
3.397412
3.940710
3.705124
3.616737
2.358184
2.877747
3.863988
3.775991
3.508350
3.776775
4.155695
4.152401
3.607618
3.337196
3.643909
3.417948
4.401950
3.817429
2.425022
3.168383
4.329726
4.186231
4.184622
3.812590
3.911845
3.496749
4.337695
2.926030
3.246063
2.859373
4.231406
3.232095
4.047490
4.160377
3.132356
3.739303
4.635503
3.321515
3.300772
3.277414
3.207399
4.396912
2.999360
4.186598
3.587123
3.788602
3.638362
3.901418
3.840037
3.944021
4.316359
2.494624
3.580663
3.580042
3.487941
3.212715
3.697852
3.954547
3.297084
3.432985
4.405696
2.054878
3.078436
3.476260
3.639735
3.777787
3.284661
4.054117
3.318990
4.006394
3.943124
3.295446
3.202308
3.848407
2.103184
2.448675
4.110519
3.895054
3.532731
4.600343
3.516446
3.492595
3.296955
3.555086
3.843283
3.308007
3.509968
3.970994
3.898082
4.093756
3.122491
4.344782
2.864467
3.212307
3.236243
4.048668
3.275721
4.063363
3.172426
3.374210
4.048180
3.410383
4.297231
3.260497
3.144666
3.001097
4.095573
3.542101
4.389827
2.607712
4.352388
4.066708
3.913903
4.374256
4.499155
4.063539
3.781475
3.724381
1.000000
2.888515
3.877852
4.510636
3.295268
3.654144
4.278368
3.729109
3.961601
4.106754
2.855570
4.046800
3.509274
2.980021
4.458981
3.195097
3.414514
3.186932
3.047224
4.034489
2.217375
2.713950
4.109473
3.852349
3.416984
4.021190
3.942919
4.066209
2.004085
3.782054
4.017327
2.953186
2.195843
3.938738
3.795926
3.532895
3.860344
3.996763
3.138768
3.687650
4.349496
4.428748
3.901231
3.270402
3.365074
2.993319
3.428255
4.193890
3.719548
2.700854
3.379197
3.124206
4.352593
3.210941
3.584955
3.934358
3.663169
2.372265
4.112063
4.304666
3.725197
2.876029
3.148927
4.256009
2.977070
1.088900
3.483058
3.295742
3.446739
4.221149
2.105708
3.413717
3.891495
3.598515
3.104171
3.358355
3.870588
3.141930
3.842955
2.950100
2.229048
4.606259
3.855977
3.772217
3.775833
2.783184
4.075822
2.647508
3.892000
3.139056
3.667151
3.217406
3.705993
3.220403
2.170349
3.866748
3.828772
4.025603
3.618571
4.138217
3.359154
3.988134
4.320183
3.400535
2.994081
4.281104
3.247161
2.576017
3.510050
4.078114
4.441695
3.813530
3.546176
3.672004
3.378271
4.821495
3.805807
4.391090
3.113275
3.264490
4.151846
3.485356
4.031536
4.129081
2.595094
3.694906
2.466664
3.705570
3.632295
4.185310
2.499028
4.027516
5.000000
3.840702
3.804769
3.360972
4.825331
3.386324
4.518337
3.881307
3.323353
4.349144
3.324965
4.903745
3.759517
4.133453
4.180117
3.433141
4.051822
4.186303
3.516676
3.492945
1.651401
3.399407
3.576701
3.215469
3.619776
3.981012
3.321278
3.400634
2.871016
3.984461
2.552399
3.723439
3.993585
3.756928
2.448598
3.288424
3.461363
3.315598
3.727992
2.967035
3.767125
3.614246
4.329318
1.315159
2.911665
3.933277
3.787092
3.772530
4.044194
3.491091
3.100103
3.738576
4.319188
3.445105
3.766279
2.983230
3.391924
2.653704
1.985463
4.511263
4.218117
3.671097
2.945551
3.087682
3.511752
3.837790
3.791734
4.203704
4.057536
3.134298
4.274403
4.052388
3.276070
3.812544
3.357967
3.206854
3.134022
2.588667
4.185439
3.086120
4.174974
4.158119
3.736892
2.889380
3.572949
3.040214
2.938719
2.110760
4.589241
3.057590
2.909290
3.628229
3.340926
3.961409
3.913902
4.008092
3.236977
4.143914
1.773371
3.697630
4.447289
3.563129
2.491420
3.581075
3.139144
4.221517
3.989614
3.353616
3.855480
3.681151
2.200883
3.211849
3.682799
3.298033
3.376285
3.927998
3.826123
3.863577
3.271942
4.385802
2.505382
3.546840
3.465185
3.677915
2.773650
3.958511
1.464586
4.089721
3.713180
4.619624
3.413643
3.022377
3.724886
3.367177
4.042174
3.102752
3.624969
3.828898
3.558410
2.722260
3.127743
2.604128
3.868105
3.020785
4.481698
3.666387
2.955901
4.131555
2.611604
3.785961
4.359844
3.082531
4.012204
2.289303
2.819876
3.448200
3.870266
4.085080
3.970561
4.350636
3.393081
3.572791
2.529766
3.776645
4.234071
1.410976
3.885091
4.113366
3.843718
3.813516
3.731658
4.551252
3.940090
3.493263
4.062378
2.973176
3.967863
3.530292
4.638464
2.927732
3.925480
4.611537
4.320104
3.480250
2.354130
3.659781
4.200877
4.389195
4.627033
4.082622
3.634929
3.972588
3.760492
3.913729
3.152635
4.459830
2.596281
3.856925
1.846734
3.069832
3.659978
2.749948
3.347684
2.790944
3.232283
1.862555
3.319770
3.792680
3.504550
4.268697
3.218371
3.545549
3.048899
4.390576
4.570254
4.196185
2.946588
3.581471
3.289893
3.940791
3.982264
3.890088
3.362577
3.242310
3.694654
3.643853
3.625245
3.807010
3.371477
3.480172
3.168558
2.908843
2.545644
3.132324
3.996698
3.866031
3.856874
3.992247
2.545665
3.804023
3.868736
3.335540
2.778236
2.354987
3.779247
4.018915
3.629158
3.619560
3.423578
3.123486
3.671428
3.216370
3.941298
3.512644
4.727320
3.635994
3.781042
3.963460
2.864158
3.376106
3.509559
3.486716
3.268522
3.255407
2.843513
3.432357
3.868852
3.574546
3.900314
4.406606
3.538837
3.516811
3.341400
3.640268
4.402432
3.642403
2.781339
3.604104
3.647289
3.417116
2.327204
3.926235
4.226700
3.839327
4.386040
3.776556
3.818314
4.761460
3.466143
3.562944
3.488301
3.525442
4.414122
3.405353
3.541194
4.598201
1.743670
4.737812
3.377366
2.972807
3.160751
3.641888
3.510195
3.711602
4.011373
3.693333
3.061356
4.365348
3.088621
2.627977
1.838882
3.945895
3.893965
3.587976
3.892487
3.107414
3.969390
3.536125
4.396659
3.673773
4.269356
3.856088
3.486476
3.768628
3.791820
4.246811
4.020160
2.357274
3.988263
3.925115
3.706442
4.601457
3.377272
3.199928
3.919788
3.203499
2.960075
3.940318
3.079121
3.486134
4.317108
3.251327
3.200618
4.484915
2.859527
3.722802
2.274576
2.760908
2.814398
2.703107
3.879583
3.639197
4.259622
3.553802
3.269657
3.412312
4.121194
2.312108
4.302459
3.737609
4.180939
3.908610
4.206975
3.410420
3.009976
2.887985
3.090285
2.062369
4.010546
1.888540
3.526884
3.238262
4.058936
3.186792
3.534742
3.327641
3.732363
3.911788
2.861387
3.937674
4.162901
3.533186
2.672212
3.919949
3.957207
1.864618
4.240553
3.910419
3.795619
3.733698
3.700098
3.453088
3.848363
3.518676
3.690792
4.220419
2.944411
3.774259
3.734815
2.188854
4.510295
3.865377
2.840281
4.021315
1.566569
3.911218
3.744205
3.437591
3.982950
3.381434
2.182018
1.555780
3.980632
4.686740
4.229009
2.703546
3.251353
3.336652
3.770684
3.914050
3.465448
3.311013
3.630877
2.984828
3.433172
4.238366
2.958339
4.240162
3.940767
3.758895
4.412606
4.283511
4.214445
3.132050
3.154361
3.997810
3.286089
4.173550
3.734584
3.905527
4.709688
3.280146
3.133207
2.936898
3.573172
4.504199
3.021278
3.386989
3.190362
3.986165
4.016549
3.932957
3.910590
2.132068
3.237532
3.540722
3.197373
3.750338
2.081325
4.369289
3.614634
3.896860
4.251197
4.246344
3.331786
3.730793
3.422234
3.779829
3.872095
2.887088
2.900818
3.735117
3.701328
2.224293
3.719759
2.003599
3.877717
2.934135
3.884600
4.258158
3.327606
2.194867
2.278350
3.649615
4.067338
2.641128
3.511417
2.788044
3.623826
4.310875
3.787040
2.553297
3.818461
3.112465
4.530622
4.214055
3.011285
3.234876
3.296272
4.153120
3.436657
4.421121
2.674370
4.323241
3.622873
3.095518
3.645634
4.027854
3.868899
4.261733
3.375472
3.614216
4.556695
3.475850
3.757284
3.764924
3.034366
3.308983
2.408600
3.073127
3.990162
3.901564
4.030986
3.752284
3.595316
4.222429
3.771027
3.042309
3.677990
3.676004
3.412828
4.136965
3.529401
4.476934
2.847445
4.550798
3.018916
4.193459
3.747196
4.608736
4.531528
3.540289
3.304893
3.883678
3.740351
4.300565
3.869635
2.689219
3.685582
2.632756
3.613048
3.624397
2.184029
3.666392
2.805102
3.308079
3.285203
3.657915
3.879033
4.021157
2.814140
3.681372
4.075773
3.509714
2.917160
3.143278
4.432156
3.396673
4.229542
3.453096
4.124880
4.112555
3.099061
3.711056
3.689612
3.640984
2.876856
3.427503
3.801255
3.518490
3.963349
3.797602
3.479799
3.757806
3.607046
3.085456
4.297754
3.634843
3.846745
4.059968
4.350024
1.182682
3.051854
4.018104
4.180243
2.054585
4.341323
3.776342
3.424334
2.323807
4.070860
3.796368
2.369928
3.315468
3.882270
4.331811
3.717762
3.078282
3.184324
3.504641
3.945967
3.595581
4.110451
3.394137
3.999367
3.779023
3.693257
3.783967
3.242092
3.701462
3.451438
4.085301
2.290595
4.326893
2.834448
3.731481
3.942076
2.879691
4.117292
4.056298
3.740008
3.125828
3.888380
4.230412
3.089901
3.464557
3.134160
2.661451
2.774179
2.572854
4.098413
3.836717
3.365651
3.430360
3.215554
3.172650
2.546692
4.220865
3.634480
3.954750
3.186705
3.628483
3.021171
3.703596
3.715061
3.816742
3.351693
3.503779
4.140042
3.640556
3.749246
3.827614
3.422903
3.401980
3.816008
4.226851
4.222176
4.306992
3.920815
3.644167
3.423824
3.739430
3.331238
2.278398
3.789936
3.015711
3.007153
4.171071
3.994208
3.203511
4.217312
4.416104
2.369018
2.540504
4.314303
3.159776
3.092061
3.588166
4.325802
2.930924
2.895197
2.517695
4.006179
3.025913
3.972382
3.228006
3.362506
3.887336
2.375513
3.649440
3.685109
3.366238
3.562352
3.369559
4.591530
3.594830
2.727583
4.442264
3.838731
3.503058
2.735579
3.972499
2.742693
4.809894
3.640452
3.526315
3.317394
3.788158
2.714561
2.275541
2.923580
3.775847
3.130402
3.592063
1.658646
3.266540
2.929452
2.014384
3.677783
4.308239
3.949625
3.613128
4.522034
4.278008
3.696957
4.126358
4.149083
3.246033
2.884932
